PKS-F- 4A 
         59.0  48.0   0.0   0.0   1.0
NRM    112.2  25.0 112.2  25.0 4.44E-03 000.5 146.0 -14.9 4.102792 2.943513 3.131070 shoemake 2026-01-09 13:27:56 
AF  16 111.9  24.9 111.9  24.9 4.44E-03 000.6 145.7 -15.0 4.638110 2.957075 3.126357 shoemake 2026-01-09 13:30:11 
AF  32 111.4  24.7 111.4  24.7 4.45E-03 000.6 145.2 -14.9 4.642546 3.016742 3.147704 shoemake 2026-01-09 13:32:28 
AF  50 110.2  26.7 110.2  26.7 4.29E-03 000.6 145.2 -12.6 4.412529 2.558921 3.113962 shoemake 2026-01-09 13:34:45 
AF  66 110.0  30.4 110.0  30.4 4.00E-03 000.5 146.8 -09.3 3.969147 1.947754 3.001924 shoemake 2026-01-09 13:37:02 
AF  87 111.3  35.9 111.3  35.9 3.65E-03 000.5 150.4 -04.9 3.590599 1.508567 2.801544 shoemake 2026-01-09 13:39:19 
AF 115 115.4  42.4 115.4  42.4 3.30E-03 000.5 156.0 -00.4 3.235028 1.327834 2.588884 shoemake 2026-01-09 13:41:36 
AF 133 118.8  46.6 118.8  46.6 3.09E-03 000.5 159.9  02.5 2.931327 1.503791 2.476307 shoemake 2026-01-09 13:43:52 
AF 153 123.1  50.7 123.1  50.7 2.85E-03 000.5 164.0  05.3 2.756199 1.259374 2.347829 shoemake 2026-01-09 13:46:09 
AF 176 128.5  55.2 128.5  55.2 2.60E-03 000.6 168.4  08.8 2.427119 1.453814 2.200451 shoemake 2026-01-09 13:48:26 
AF 202 135.3  60.0 135.3  60.0 2.33E-03 000.6 173.1  12.6 2.143319 1.443197 2.025739 shoemake 2026-01-09 13:50:43 
AF 232 145.1  65.1 145.1  65.1 2.06E-03 000.7 178.4  17.2 1.923627 1.391120 1.861719 shoemake 2026-01-09 13:53:01 
AF 267 160.3  69.8 160.3  69.8 1.81E-03 000.7 184.3  22.1 1.709169 1.245626 1.658212 shoemake 2026-01-09 13:55:18 
AF 308 184.3  73.6 184.3  73.6 1.60E-03 000.8 190.7  28.1 1.563701 1.208980 1.495303 shoemake 2026-01-09 13:57:36 
AF 354 213.8  74.0 213.8  74.0 1.43E-03 000.9 197.5  33.8 1.506531 1.270941 1.333640 shoemake 2026-01-09 13:59:53 
AF 407 237.2  70.6 237.2  70.6 1.31E-03 000.9 205.1  38.6 1.445218 1.356116 1.188701 shoemake 2026-01-09 14:02:11 
AF 468 253.8  66.1 253.8  66.1 1.21E-03 001.0 212.7  43.6 1.459091 1.453692 1.062464 shoemake 2026-01-09 14:04:28 
AF 538 264.5  61.2 264.5  61.2 1.13E-03 001.0 220.3  47.8 1.443976 1.440658 0.959507 shoemake 2026-01-09 14:06:46 
AF 619 270.6  55.4 270.6  55.4 1.08E-03 001.1 229.5  50.7 1.448671 1.477704 0.840651 shoemake 2026-01-09 14:09:05 
AF 712 275.9  49.9 275.9  49.9 1.01E-03 001.1 238.9  53.2 1.428735 1.438207 0.770025 shoemake 2026-01-09 14:11:24 
AF 819 279.3  45.6 279.3  45.6 9.68E-04 001.1 247.0  54.7 1.367396 1.446935 0.689843 shoemake 2026-01-09 14:13:44 
AF 940 281.5  41.1 281.5  41.1 9.26E-04 001.1 255.2  55.1 1.347194 1.404292 0.657921 shoemake 2026-01-09 14:16:06 
AFmax0 222.5  41.3 222.5  41.3 3.17E-04 001.0 228.8  16.5 0.451245 0.473031 0.334826 shoemake 2026-01-09 14:18:26 
ARM    221.0  40.1 221.0  40.1 3.15E-04 000.9 228.9  14.9 0.357361 0.530498 0.314681 shoemake 2026-01-09 14:20:05 
ARM  1 327.7  42.1 327.7  42.1 1.12E-02 001.4 260.0  89.2 19.35563 19.94727 2.762693 shoemake 2026-01-09 14:21:46 
ARM  2 328.6  41.7 328.6  41.7 2.13E-02 001.4 332.0  89.6 36.84065 37.88494 5.127466 shoemake 2026-01-09 14:23:28 
ARM  3 328.8  41.5 328.8  41.5 3.06E-02 001.4 003.9  89.5 53.04393 54.56929 7.256490 shoemake 2026-01-09 14:25:09 
ARM  4 328.9  41.4 328.9  41.4 3.94E-02 001.4 010.5  89.4 68.26633 70.18571 9.238645 shoemake 2026-01-09 14:26:51 
ARM  5 329.0  41.4 329.0  41.4 4.81E-02 001.4 013.9  89.3 83.31047 85.60709 11.25882 shoemake 2026-01-09 14:28:33 
ARM  6 329.1  41.3 329.1  41.3 5.62E-02 001.4 016.2  89.3 97.33661 99.92370 13.16077 shoemake 2026-01-09 14:30:14 
ARM  7 329.1  41.3 329.1  41.3 6.45E-02 001.4 018.0  89.2 111.5304 114.6263 15.04734 shoemake 2026-01-09 14:31:56 
ARM  8 329.1  41.3 329.1  41.3 7.24E-02 001.4 019.2  89.2 125.3512 128.8071 16.90248 shoemake 2026-01-09 14:33:38 
ARM  9 329.2  41.2 329.2  41.2 8.02E-02 001.4 019.3  89.2 138.6334 142.3833 18.68908 shoemake 2026-01-09 14:35:20 
ARM 10 329.2  41.2 329.2  41.2 8.77E-02 001.4 020.2  89.2 151.6775 155.9297 20.48094 shoemake 2026-01-09 14:37:02 
AFz 16 329.2  41.2 329.2  41.2 8.42E-02 001.4 019.9  89.2 145.5076 149.5319 17.35342 shoemake 2026-01-09 14:38:40 
AFz 32 329.2  41.2 329.2  41.2 7.77E-02 001.4 019.2  89.2 133.8131 137.5405 15.34821 shoemake 2026-01-09 14:40:19 
AFz 50 329.1  41.2 329.1  41.2 7.02E-02 001.4 017.6  89.2 121.0111 124.3036 13.50293 shoemake 2026-01-09 14:41:58 
AFz 66 329.1  41.2 329.1  41.2 6.49E-02 001.4 016.2  89.2 111.8382 114.9193 12.27164 shoemake 2026-01-09 14:43:37 
AFz 87 329.1  41.2 329.1  41.2 5.93E-02 001.4 014.7  89.2 101.9756 104.7397 11.06654 shoemake 2026-01-09 14:45:15 
AFz115 329.0  41.2 329.0  41.2 5.29E-02 001.4 012.4  89.2 90.78929 93.29647 9.774542 shoemake 2026-01-09 14:46:54 
AFz133 329.0  41.2 329.0  41.2 4.90E-02 001.4 011.0  89.2 84.12408 86.46209 9.008904 shoemake 2026-01-09 14:48:32 
AFz153 329.0  41.2 329.0  41.2 4.50E-02 001.4 009.7  89.2 77.26225 79.38379 8.217402 shoemake 2026-01-09 14:50:11 
AFz176 328.9  41.2 328.9  41.2 4.06E-02 001.4 007.7  89.2 69.59291 71.47216 7.334167 shoemake 2026-01-09 14:51:50 
AFz202 328.9  41.2 328.9  41.2 3.58E-02 001.4 005.8  89.1 61.39355 63.04776 6.384707 shoemake 2026-01-09 14:53:29 
AFz232 328.8  41.1 328.8  41.1 3.08E-02 001.4 001.8  89.1 52.81667 54.23631 5.438036 shoemake 2026-01-09 14:55:08 
AFz267 328.7  41.1 328.7  41.1 2.57E-02 001.4 356.8  89.1 43.97355 45.17753 4.486350 shoemake 2026-01-09 14:56:46 
AFz308 328.6  41.2 328.6  41.2 2.11E-02 001.4 351.3  89.2 36.14502 37.10021 3.628097 shoemake 2026-01-09 14:58:25 
AFz354 328.4  41.2 328.4  41.2 1.73E-02 001.4 341.1  89.2 29.58467 30.38680 2.971827 shoemake 2026-01-09 15:00:04 
AFz407 328.2  41.4 328.2  41.4 1.42E-02 001.4 326.6  89.2 24.30347 24.96645 2.467432 shoemake 2026-01-09 15:01:42 
AFz468 327.9  41.5 327.9  41.5 1.15E-02 001.4 306.8  89.2 19.61982 20.16458 2.025308 shoemake 2026-01-09 15:03:21 
AFz538 327.5  41.7 327.5  41.7 9.20E-03 001.4 288.5  89.0 15.65348 16.07246 1.643692 shoemake 2026-01-09 15:05:00 
AFz619 326.9  42.0 326.9  42.0 7.09E-03 001.4 269.2  88.6 12.05452 12.38969 1.315185 shoemake 2026-01-09 15:06:39 
AFz712 326.0  42.5 326.0  42.5 5.13E-03 001.4 256.1  87.9 8.725016 8.978484 1.000909 shoemake 2026-01-09 15:08:18 
AFz819 324.1  43.5 324.1  43.5 3.33E-03 001.4 244.4  86.2 5.653578 5.831826 0.754778 shoemake 2026-01-09 15:09:57 
AFz942 317.9  45.9 317.9  45.9 1.62E-03 001.4 239.8  81.2 2.716525 2.825750 0.495502 shoemake 2026-01-09 15:11:36 
AFz083 297.4  52.5 297.4  52.5 6.50E-04 001.3 232.6  66.5 1.041825 1.137301 0.355278 shoemake 2026-01-09 15:13:15 
AFz246 284.5  53.5 284.5  53.5 5.23E-04 001.2 233.0  58.7 0.792016 0.912543 0.342223 shoemake 2026-01-09 15:14:53 
AFz433 274.8  55.0 274.8  55.0 4.54E-04 001.2 230.4  53.0 0.678531 0.790517 0.328965 shoemake 2026-01-09 15:16:33 
AFz648 264.8  54.0 264.8  54.0 4.12E-04 001.2 230.9  47.1 0.596595 0.735512 0.357029 shoemake 2026-01-09 15:18:12 
AFz895 259.5  52.4 259.5  52.4 3.92E-04 001.1 232.1  43.7 0.521690 0.720107 0.322732 shoemake 2026-01-09 15:19:51 
AFz179 251.9  51.2 251.9  51.2 3.78E-04 001.1 231.5  38.8 0.516030 0.658716 0.349706 shoemake 2026-01-09 15:21:30 
AFz506 249.1  49.5 249.1  49.5 3.54E-04 001.1 232.6  36.5 0.428603 0.678604 0.335324 shoemake 2026-01-09 15:23:10 
AFz882 244.5  47.7 244.5  47.7 3.48E-04 001.1 233.0  33.0 0.461801 0.613593 0.350528 shoemake 2026-01-09 15:24:50 
AFz314 241.0  46.0 241.0  46.0 3.34E-04 001.1 233.3  30.1 0.452537 0.611956 0.329427 shoemake 2026-01-09 15:26:29 
AFz812 240.7  45.1 240.7  45.1 3.28E-04 001.0 234.1  29.5 0.419236 0.596341 0.325028 shoemake 2026-01-09 15:28:10 
AFmax0 242.1  38.8 242.1  38.8 3.06E-04 001.0 240.7  26.9 0.504953 0.499339 0.317772 shoemake 2026-01-09 15:30:31 
IRMz   242.3  39.0 242.3  39.0 3.04E-04 001.5 240.7  27.2 0.427404 1.075594 0.313623 shoemake 2026-01-09 15:32:19 
AFmax0 241.1  35.7 241.1  35.7 2.99E-04 001.0 243.0  24.5 0.493050 0.484059 0.284962 shoemake 2026-01-09 15:34:39 
IRMz00 149.5 -41.5 149.5 -41.5 3.65E-01 002.1 226.7 -89.3 935.4196 985.9810 523.8823 shoemake 2026-01-09 15:36:33 
AFz 16 149.4 -41.5 149.4 -41.5 3.55E-01 002.1 224.9 -89.4 882.5763 917.9552 577.8810 shoemake 2026-01-09 15:38:12 
AFz 32 149.4 -41.6 149.4 -41.6 3.41E-01 002.0 223.2 -89.4 824.8754 840.4786 562.3585 shoemake 2026-01-09 15:39:51 
AFz 50 149.3 -41.6 149.3 -41.6 3.25E-01 001.9 222.1 -89.4 746.2256 761.0170 635.5598 shoemake 2026-01-09 15:41:31 
AFz 66 149.3 -41.6 149.3 -41.6 3.19E-01 001.8 226.6 -89.5 686.2025 705.3326 764.8258 shoemake 2026-01-09 15:43:10 
AFz 87 149.3 -41.7 149.3 -41.7 3.15E-01 001.6 228.5 -89.5 620.5648 635.0547 1026.489 shoemake 2026-01-09 15:44:49 
AFz115 149.2 -41.7 149.2 -41.7 3.06E-01 001.4 231.0 -89.6 539.5740 554.6664 552.0124 shoemake 2026-01-09 15:46:28 
AFz133 149.2 -41.7 149.2 -41.7 2.88E-01 001.4 230.9 -89.6 493.1670 506.4680 119.6868 shoemake 2026-01-09 15:48:06 
AFz153 149.2 -41.8 149.2 -41.8 2.61E-01 001.4 232.4 -89.6 445.0105 456.8470 48.37301 shoemake 2026-01-09 15:49:45 
AFz176 149.2 -41.8 149.2 -41.8 2.31E-01 001.4 232.8 -89.6 393.5232 405.4288 42.61216 shoemake 2026-01-09 15:51:25 
AFz202 149.2 -41.7 149.2 -41.7 1.99E-01 001.4 232.9 -89.6 339.0731 349.2737 36.09951 shoemake 2026-01-09 15:53:03 
AFz232 149.3 -41.7 149.3 -41.7 1.66E-01 001.4 233.9 -89.6 283.3006 291.9307 29.78609 shoemake 2026-01-09 15:54:42 
AFz267 149.3 -41.7 149.3 -41.7 1.32E-01 001.4 234.5 -89.5 225.3424 231.8338 23.46617 shoemake 2026-01-09 15:56:20 
AFz308 149.3 -41.7 149.3 -41.7 1.02E-01 001.4 235.1 -89.5 174.9774 179.8556 18.02842 shoemake 2026-01-09 15:57:59 
AFz354 149.4 -41.7 149.4 -41.7 7.74E-02 001.4 235.3 -89.5 132.4597 135.9329 13.63788 shoemake 2026-01-09 15:59:38 
AFz407 149.4 -41.7 149.4 -41.7 5.82E-02 001.4 236.0 -89.4 99.67254 102.6203 10.14349 shoemake 2026-01-09 16:01:16 
AFz468 149.5 -41.6 149.5 -41.6 4.18E-02 001.4 236.8 -89.3 71.43133 73.53462 7.233144 shoemake 2026-01-09 16:02:55 
AFz538 149.7 -41.6 149.7 -41.6 2.90E-02 001.4 238.2 -89.2 49.64398 51.02263 5.033485 shoemake 2026-01-09 16:04:34 
AFz619 150.0 -41.4 150.0 -41.4 1.87E-02 001.4 238.6 -88.9 31.89387 32.80191 3.242305 shoemake 2026-01-09 16:06:13 
AFz712 150.8 -41.2 150.8 -41.2 1.07E-02 001.4 240.8 -88.3 18.27617 18.78442 1.882417 shoemake 2026-01-09 16:07:52 
AFz819 152.4 -40.5 152.4 -40.5 5.16E-03 001.4 241.7 -86.9 8.846738 9.074357 0.915798 shoemake 2026-01-09 16:09:31 
AFz942 159.9 -36.9 159.9 -36.9 1.66E-03 001.4 242.7 -80.0 2.838919 2.921463 0.350340 shoemake 2026-01-09 16:11:10 
AFz083 167.4 -33.2 167.4 -33.2 9.31E-04 001.4 245.2 -72.9 1.596102 1.637867 0.271084 shoemake 2026-01-09 16:12:49 
AFz246 173.4 -29.2 173.4 -29.2 6.80E-04 001.4 245.1 -66.4 1.137520 1.189482 0.253534 shoemake 2026-01-09 16:14:28 
AFz433 177.9 -23.9 177.9 -23.9 5.18E-04 001.4 242.3 -59.8 0.863529 0.919569 0.237176 shoemake 2026-01-09 16:16:08 
AFz648 185.1 -17.8 185.1 -17.8 4.12E-04 001.5 243.1 -50.8 0.749156 0.758418 0.229079 shoemake 2026-01-09 16:17:46 
AFz895 190.9 -11.0 190.9 -11.0 3.49E-04 001.3 242.3 -42.0 0.550805 0.623148 0.244028 shoemake 2026-01-09 16:19:25 
AFz179 198.4 -05.8 198.4 -05.8 3.02E-04 001.3 244.8 -33.1 0.470531 0.557463 0.260522 shoemake 2026-01-09 16:21:04 
AFz506 205.6  01.1 205.6  01.1 2.80E-04 001.2 245.5 -23.1 0.416933 0.522115 0.271151 shoemake 2026-01-09 16:22:43 
AFz882 209.6  08.5 209.6  08.5 2.66E-04 001.1 243.4 -15.0 0.412535 0.494716 0.238811 shoemake 2026-01-09 16:24:22 
AFz314 214.5  10.0 214.5  10.0 2.65E-04 001.1 245.9 -10.7 0.366738 0.495395 0.254471 shoemake 2026-01-09 16:26:02 
AFz812 219.1  12.2 219.1  12.2 2.58E-04 001.1 247.7 -05.9 0.384222 0.464516 0.267233 shoemake 2026-01-09 16:27:43 
AFmax0 230.0  24.6 230.0  24.6 2.64E-04 001.1 245.9  10.1 0.478208 0.454777 0.277002 shoemake 2026-01-09 16:30:03 
IRMz   230.2  24.4 230.2  24.4 2.64E-04 000.9 246.2  10.1 0.362970 0.472733 0.278021 shoemake 2026-01-09 16:31:51 
AFmax0 234.0  24.2 234.0  24.2 2.52E-04 001.1 248.6  12.6 0.470769 0.445146 0.262415 shoemake 2026-01-09 16:34:12 
IRMz57 150.0 -41.5 150.0 -41.5 2.59E-02 001.4 240.4 -89.0 44.06655 45.44164 7.637618 shoemake 2026-01-09 16:36:13 
IRMz76 149.8 -41.6 149.8 -41.6 4.42E-02 001.4 238.6 -89.1 75.35850 77.65477 13.03144 shoemake 2026-01-09 16:38:14 
IRMz00 149.6 -41.5 149.6 -41.5 5.99E-02 001.4 232.1 -89.2 102.6311 105.7931 17.09708 shoemake 2026-01-09 16:40:02 
IRMz33 149.5 -41.6 149.5 -41.6 1.01E-01 001.4 230.3 -89.3 173.6137 178.8708 28.35728 shoemake 2026-01-09 16:41:49 
IRMz53 149.4 -41.6 149.4 -41.6 1.22E-01 001.4 230.1 -89.4 208.9363 215.2563 33.37332 shoemake 2026-01-09 16:43:37 
IRMz76 149.4 -41.6 149.4 -41.6 1.49E-01 001.4 229.7 -89.4 254.7455 262.4510 40.42496 shoemake 2026-01-09 16:45:26 
IRMz02 149.4 -41.6 149.4 -41.6 1.79E-01 001.4 229.5 -89.4 306.1818 315.3848 47.90910 shoemake 2026-01-09 16:47:16 
IRMz32 149.3 -41.7 149.3 -41.7 2.15E-01 001.4 229.2 -89.5 367.5344 378.2014 57.74555 shoemake 2026-01-09 16:49:06 
IRMz67 149.3 -41.7 149.3 -41.7 2.57E-01 001.4 229.1 -89.5 438.4617 451.9882 68.24980 shoemake 2026-01-09 16:50:56 
IRMz08 149.3 -41.7 149.3 -41.7 2.99E-01 001.4 228.9 -89.5 518.2523 533.4493 331.7771 shoemake 2026-01-09 16:52:47 
IRMz54 149.3 -41.6 149.3 -41.6 3.14E-01 001.5 225.4 -89.5 591.1668 604.5384 951.2059 shoemake 2026-01-09 16:54:39 
IRMz07 149.3 -41.6 149.3 -41.6 3.15E-01 001.7 225.0 -89.4 659.9490 676.9233 857.6638 shoemake 2026-01-09 16:56:30 
IRMz68 149.4 -41.6 149.4 -41.6 3.22E-01 001.8 224.5 -89.4 720.6446 745.2773 686.4573 shoemake 2026-01-09 16:58:21 
IRMz38 149.4 -41.5 149.4 -41.5 3.32E-01 001.9 222.3 -89.4 775.5508 807.0833 613.5465 shoemake 2026-01-09 17:00:15 
IRMz19 149.4 -41.5 149.4 -41.5 3.42E-01 002.0 225.0 -89.3 816.3599 860.7171 577.4482 shoemake 2026-01-09 17:02:09 
IRMz12 149.4 -41.5 149.4 -41.5 3.51E-01 002.0 225.0 -89.3 851.5903 893.3298 564.0239 shoemake 2026-01-09 17:04:03 
IRMz19 149.5 -41.5 149.5 -41.5 3.58E-01 002.1 226.1 -89.3 890.7457 937.6731 580.1261 shoemake 2026-01-09 17:05:57 
IRMz42 149.5 -41.5 149.5 -41.5 3.65E-01 002.1 225.1 -89.3 925.2780 968.4740 556.0511 shoemake 2026-01-09 17:07:51 
IRMz83 149.4 -41.5 149.4 -41.5 3.70E-01 002.1 221.0 -89.3 930.8459 1000.489 518.8584 shoemake 2026-01-09 17:09:45 
IRMz46 149.5 -41.6 149.5 -41.6 3.74E-01 002.2 232.5 -89.3 964.9459 1052.898 474.1297 shoemake 2026-01-09 17:11:40 
IRMz33 149.5 -41.6 149.5 -41.6 3.80E-01 002.2 228.4 -89.3 992.2801 1063.571 540.9221 shoemake 2026-01-09 17:13:35 
IRMz48 149.5 -41.6 149.5 -41.6 3.83E-01 002.2 232.2 -89.3 1018.505 1098.403 514.6077 shoemake 2026-01-09 17:15:29 
IRMz95 149.5 -41.6 149.5 -41.6 3.87E-01 002.3 231.0 -89.3 1072.550 1117.851 520.6306 shoemake 2026-01-09 17:17:24 
IRMz79 149.5 -41.5 149.5 -41.5 3.90E-01 002.3 223.3 -89.3 1071.963 1095.397 517.7439 shoemake 2026-01-09 17:19:18 
IRMz06 149.5 -41.6 149.5 -41.6 3.91E-01 002.4 235.3 -89.3 1099.924 1170.288 537.2447 shoemake 2026-01-09 17:21:13 
IRMz82 149.5 -41.6 149.5 -41.6 3.93E-01 002.3 230.2 -89.3 1119.939 1154.470 499.7825 shoemake 2026-01-09 17:23:05 
IRMz14 149.5 -41.6 149.5 -41.6 3.95E-01 002.4 236.0 -89.4 1119.579 1181.691 521.0776 shoemake 2026-01-09 17:24:59 
IRMz12 149.5 -41.5 149.5 -41.5 3.96E-01 002.4 227.9 -89.3 1132.012 1161.993 518.2086 shoemake 2026-01-09 17:26:53 
IRMz83 149.4 -41.6 149.4 -41.6 3.97E-01 002.3 230.7 -89.4 1096.342 1178.725 521.0523 shoemake 2026-01-09 17:28:49 
IRMz41 149.5 -41.6 149.5 -41.6 3.98E-01 002.3 234.8 -89.4 1117.702 1182.494 521.1828 shoemake 2026-01-09 17:30:48 
IRMz97 149.5 -41.6 149.5 -41.6 3.98E-01 002.4 233.5 -89.4 1122.099 1191.450 482.7098 shoemake 2026-01-09 17:32:47 
IRMz67 149.5 -41.6 149.5 -41.6 3.99E-01 002.3 231.4 -89.4 1081.838 1164.620 507.0875 shoemake 2026-01-09 17:34:49 
IRMz67 149.5 -41.6 149.5 -41.6 3.98E-01 002.4 233.9 -89.4 1127.922 1211.159 499.8667 shoemake 2026-01-09 17:36:56 
IRMz17 149.5 -41.6 149.5 -41.6 3.99E-01 002.4 235.9 -89.4 1171.675 1225.895 489.0484 shoemake 2026-01-09 17:40:34 
IRMz00 149.4 -41.6 149.4 -41.6 3.99E-01 002.4 228.1 -89.4 1151.400 1203.605 512.7737 shoemake 2026-01-09 17:44:11 
AFz 16 149.4 -41.6 149.4 -41.6 3.88E-01 002.3 233.5 -89.4 1033.755 1120.721 486.9102 shoemake 2026-01-09 17:45:50 
AFz 32 149.3 -41.6 149.3 -41.6 3.72E-01 002.2 222.6 -89.5 977.8529 1025.596 523.3924 shoemake 2026-01-09 17:47:28 
AFz 50 149.2 -41.6 149.2 -41.6 3.55E-01 002.1 222.6 -89.5 893.7231 946.7600 573.8649 shoemake 2026-01-09 17:49:07 
AFz 66 149.2 -41.6 149.2 -41.6 3.42E-01 002.0 220.9 -89.5 837.2138 866.2889 594.2582 shoemake 2026-01-09 17:50:46 
AFz 87 149.1 -41.7 149.1 -41.7 3.28E-01 001.9 216.0 -89.6 765.4190 787.8288 598.1628 shoemake 2026-01-09 17:52:25 
AFz115 149.1 -41.7 149.1 -41.7 3.18E-01 001.8 219.2 -89.6 687.3388 700.8989 810.4807 shoemake 2026-01-09 17:54:04 
AFz133 149.1 -41.7 149.1 -41.7 3.15E-01 001.7 220.3 -89.7 640.2704 657.9474 974.9941 shoemake 2026-01-09 17:55:43 
AFz153 149.1 -41.8 149.1 -41.8 3.15E-01 001.6 222.1 -89.7 594.2021 610.3126 1010.114 shoemake 2026-01-09 17:57:22 
AFz176 149.1 -41.8 149.1 -41.8 3.06E-01 001.5 226.1 -89.7 542.9274 559.6404 523.4026 shoemake 2026-01-09 17:59:01 
AFz202 149.0 -41.8 149.0 -41.8 2.84E-01 001.4 226.2 -89.7 489.7405 503.1983 87.71799 shoemake 2026-01-09 18:00:39 
AFz232 149.0 -41.8 149.0 -41.8 2.51E-01 001.4 226.3 -89.8 432.7002 445.1608 42.62549 shoemake 2026-01-09 18:02:18 
AFz267 149.0 -41.8 149.0 -41.8 2.18E-01 001.4 225.6 -89.8 374.6134 384.9824 36.13968 shoemake 2026-01-09 18:03:57 
AFz308 149.0 -41.8 149.0 -41.8 1.87E-01 001.4 223.8 -89.8 322.6033 331.2824 30.68650 shoemake 2026-01-09 18:05:35 
AFz354 149.0 -41.9 149.0 -41.9 1.60E-01 001.4 222.3 -89.8 277.4328 284.6059 26.03444 shoemake 2026-01-09 18:07:14 
AFz407 148.9 -41.9 148.9 -41.9 1.39E-01 001.4 219.5 -89.8 240.4069 246.6848 22.47057 shoemake 2026-01-09 18:08:53 
AFz468 148.9 -41.9 148.9 -41.9 1.20E-01 001.4 215.7 -89.8 207.2436 212.3552 19.15035 shoemake 2026-01-09 18:10:32 
AFz538 148.9 -41.9 148.9 -41.9 1.04E-01 001.4 210.6 -89.9 179.5153 184.7688 16.10409 shoemake 2026-01-09 18:12:10 
AFz619 148.9 -41.9 148.9 -41.9 8.89E-02 001.4 203.8 -89.9 153.9646 158.5886 13.74910 shoemake 2026-01-09 18:13:48 
AFz712 148.8 -41.9 148.8 -41.9 7.58E-02 001.4 193.0 -89.9 131.6882 135.5919 11.67162 shoemake 2026-01-09 18:15:26 
AFz819 148.8 -41.9 148.8 -41.9 6.47E-02 001.4 184.9 -89.9 112.2017 115.5731 9.893407 shoemake 2026-01-09 18:17:04 
AFz942 148.8 -41.9 148.8 -41.9 5.46E-02 001.4 169.8 -89.9 94.88273 97.69940 8.269674 shoemake 2026-01-09 18:18:42 
AFz083 148.8 -41.9 148.8 -41.9 4.59E-02 001.4 166.3 -89.9 79.93740 82.35888 6.929599 shoemake 2026-01-09 18:20:20 
AFz246 148.7 -41.8 148.7 -41.8 3.84E-02 001.4 166.3 -89.8 66.78634 68.72462 5.721724 shoemake 2026-01-09 18:21:58 
AFz433 148.7 -41.8 148.7 -41.8 3.17E-02 001.4 163.9 -89.8 55.31076 56.90004 4.732165 shoemake 2026-01-09 18:23:36 
AFz648 148.7 -41.8 148.7 -41.8 2.60E-02 001.4 166.9 -89.8 45.32586 46.63901 3.826984 shoemake 2026-01-09 18:25:14 
AFz895 148.7 -41.7 148.7 -41.7 2.11E-02 001.4 172.6 -89.7 36.83799 37.82896 3.052373 shoemake 2026-01-09 18:26:52 
AFz179 148.8 -41.6 148.8 -41.6 1.69E-02 001.4 175.2 -89.6 29.45254 30.21696 2.420325 shoemake 2026-01-09 18:28:30 
AFz506 148.8 -41.5 148.8 -41.5 1.33E-02 001.4 183.8 -89.5 22.95518 23.58905 1.866892 shoemake 2026-01-09 18:30:08 
AFz882 148.8 -41.4 148.8 -41.4 1.02E-02 001.4 182.7 -89.4 17.71926 18.16203 1.414029 shoemake 2026-01-09 18:31:47 
AFz314 149.1 -41.2 149.1 -41.2 7.53E-03 001.4 194.3 -89.2 13.16482 13.50840 1.029819 shoemake 2026-01-09 18:33:25 
AFz812 149.3 -40.7 149.3 -40.7 5.43E-03 001.4 194.9 -88.6 9.515962 9.835610 0.679595 shoemake 2026-01-09 18:35:05 
AFmax0 149.6 -40.6 149.6 -40.6 4.35E-03 001.4 203.7 -88.5 7.614543 7.848694 0.570276 shoemake 2026-01-09 18:37:25 
