PKS-F- 8H 
         51.0  28.0   0.0   0.0   1.0
NRM    138.7 -61.8 138.7 -61.8 7.70E-03 002.6 100.7 -89.0 24.06951 25.85234 1.598315 shoemake 2026-02-10 12:42:22 
NRM    137.9 -62.0 137.9 -62.0 7.67E-03 002.3 089.6 -88.6 23.05726 19.50090 1.679050 shoemake 2026-02-10 12:49:01 
AF  16 303.9  60.0 303.9  60.0 2.43E-08 040.0 276.0  81.4 0.001364 0.001438 0.000040 shoemake 2026-02-10 12:51:15 
NRM    137.4 -62.5 137.4 -62.5 7.56E-03 001.0 070.5 -88.4 8.718693 9.132263 1.194051 shoemake 2026-02-10 13:46:49 
AF  16 137.6 -62.7 137.6 -62.7 7.53E-03 001.0 064.9 -88.4 8.645978 9.032812 1.182060 shoemake 2026-02-10 13:49:01 
AF  32 137.6 -62.7 137.6 -62.7 7.52E-03 001.0 064.9 -88.4 8.646706 9.027215 1.190591 shoemake 2026-02-10 13:51:12 
AF  50 137.6 -62.7 137.6 -62.7 7.51E-03 001.0 064.1 -88.4 8.638391 9.023587 1.195637 shoemake 2026-02-10 13:53:23 
AF  66 137.6 -62.7 137.6 -62.7 7.52E-03 001.0 064.9 -88.4 8.642007 9.031330 1.190266 shoemake 2026-02-10 13:55:35 
AF  87 137.5 -62.5 137.5 -62.5 7.51E-03 001.0 071.3 -88.4 8.664937 9.061633 1.196739 shoemake 2026-02-10 13:57:46 
AF 115 137.6 -62.5 137.6 -62.5 7.50E-03 001.0 069.3 -88.4 8.648118 9.042117 1.161665 shoemake 2026-02-10 13:59:58 
AF 133 137.5 -62.5 137.5 -62.5 7.48E-03 001.0 070.2 -88.4 8.604200 9.045705 1.165990 shoemake 2026-02-10 14:02:10 
AF 153 137.8 -62.6 137.8 -62.6 7.48E-03 001.0 065.6 -88.5 8.586093 9.026849 1.174369 shoemake 2026-02-10 14:04:21 
AF 176 137.8 -62.6 137.8 -62.6 7.46E-03 001.0 066.3 -88.5 8.567129 8.989811 1.156154 shoemake 2026-02-10 14:06:32 
AF 202 137.7 -62.6 137.7 -62.6 7.46E-03 001.0 066.8 -88.4 8.567453 9.005486 1.181867 shoemake 2026-02-10 14:08:44 
AF 232 137.9 -62.7 137.9 -62.7 7.46E-03 001.0 061.5 -88.5 8.586603 9.016817 1.185435 shoemake 2026-02-10 14:10:55 
AF 267 137.9 -62.6 137.9 -62.6 7.45E-03 001.0 065.0 -88.5 8.574625 9.013537 1.177072 shoemake 2026-02-10 14:13:07 
AF 308 138.2 -62.7 138.2 -62.7 7.45E-03 001.0 058.7 -88.6 8.592930 8.990371 1.194257 shoemake 2026-02-10 14:15:19 
AF 354 137.7 -62.6 137.7 -62.6 7.42E-03 001.0 066.2 -88.4 8.550589 9.008312 1.203481 shoemake 2026-02-10 14:17:31 
AF 407 138.1 -62.7 138.1 -62.7 7.43E-03 001.0 061.0 -88.6 8.530192 8.933939 1.189198 shoemake 2026-02-10 14:19:43 
AF 468 138.1 -62.6 138.1 -62.6 7.39E-03 001.0 063.1 -88.6 8.517735 8.936857 1.187386 shoemake 2026-02-10 14:21:55 
AF 538 138.3 -62.6 138.3 -62.6 7.40E-03 001.0 062.6 -88.7 8.560476 8.959578 1.198779 shoemake 2026-02-10 14:24:06 
AF 619 138.4 -62.7 138.4 -62.7 7.36E-03 001.0 056.8 -88.7 8.505742 8.928466 1.173636 shoemake 2026-02-10 14:26:19 
AF 712 139.0 -62.5 139.0 -62.5 7.36E-03 001.0 057.7 -89.0 8.499890 8.950907 1.190945 shoemake 2026-02-10 14:28:32 
AF 819 138.4 -62.6 138.4 -62.6 7.36E-03 001.0 058.5 -88.7 8.487757 8.906624 1.190599 shoemake 2026-02-10 14:30:46 
AF 940 138.4 -62.8 138.4 -62.8 7.34E-03 001.0 052.5 -88.6 8.471621 8.875961 1.166051 shoemake 2026-02-10 14:33:02 
AFmax0 137.3 -62.2 137.3 -62.2 7.33E-03 000.9 080.3 -88.4 8.377647 8.738990 1.115735 shoemake 2026-02-10 14:35:15 
ARM    137.4 -62.3 137.4 -62.3 7.32E-03 001.0 076.3 -88.4 8.404539 8.818057 1.096496 shoemake 2026-02-10 14:36:49 
ARM  1 323.3  60.2 323.3  60.2 6.40E-03 001.1 034.9  87.8 8.181595 8.652141 1.095201 shoemake 2026-02-10 14:38:26 
ARM  2 321.5  60.8 321.5  60.8 1.94E-02 001.0 016.1  88.8 23.74770 25.05595 3.198481 shoemake 2026-02-10 14:40:02 
ARM  3 321.1  61.0 321.1  61.0 3.17E-02 001.0 009.4  89.0 38.68171 40.84382 5.228412 shoemake 2026-02-10 14:41:39 
ARM  4 320.9  61.1 320.9  61.1 4.33E-02 001.0 002.3  89.1 52.64943 55.56463 7.107086 shoemake 2026-02-10 14:43:16 
ARM  5 320.8  61.1 320.8  61.1 5.46E-02 001.0 001.3  89.1 66.27288 69.97857 9.013301 shoemake 2026-02-10 14:44:53 
ARM  6 320.7  61.1 320.7  61.1 6.51E-02 001.0 357.8  89.1 78.99517 83.37916 10.72905 shoemake 2026-02-10 14:46:30 
ARM  7 320.7  61.1 320.7  61.1 7.57E-02 001.0 356.4  89.1 91.83238 96.25170 12.62525 shoemake 2026-02-10 14:48:07 
ARM  8 320.7  61.1 320.7  61.1 8.57E-02 001.0 356.0  89.1 104.0236 109.8422 14.26228 shoemake 2026-02-10 14:49:44 
ARM  9 320.7  61.1 320.7  61.1 9.53E-02 001.0 355.4  89.1 115.5595 121.9781 15.86262 shoemake 2026-02-10 14:51:21 
ARM 10 320.6  61.1 320.6  61.1 1.05E-01 001.0 354.3  89.1 126.9619 133.9463 17.46281 shoemake 2026-02-10 14:52:58 
AFz 16 320.6  61.0 320.6  61.0 8.95E-02 001.0 353.8  89.0 108.6558 114.0983 16.12089 shoemake 2026-02-10 14:54:32 
AFz 32 320.6  60.9 320.6  60.9 7.51E-02 001.0 354.2  88.9 91.03856 95.99674 13.22708 shoemake 2026-02-10 14:56:06 
AFz 50 320.6  60.7 320.6  60.7 5.99E-02 001.0 355.7  88.7 72.62237 76.86548 10.19433 shoemake 2026-02-10 14:57:40 
AFz 66 320.6  60.5 320.6  60.5 4.98E-02 001.0 356.6  88.5 60.41749 64.01230 8.281598 shoemake 2026-02-10 14:59:14 
AFz 87 320.7  60.3 320.7  60.3 4.03E-02 001.0 358.1  88.3 48.83098 51.70085 6.729221 shoemake 2026-02-10 15:00:48 
AFz115 320.8  60.1 320.8  60.1 3.17E-02 001.0 359.7  88.1 38.48446 40.61996 5.352170 shoemake 2026-02-10 15:02:22 
AFz133 320.9  59.9 320.9  59.9 2.77E-02 001.0 001.2  87.9 33.65333 35.81400 4.681920 shoemake 2026-02-10 15:03:56 
AFz153 320.9  59.8 320.9  59.8 2.43E-02 001.0 001.3  87.8 29.59160 31.44971 4.109061 shoemake 2026-02-10 15:05:30 
AFz176 321.0  59.7 321.0  59.7 2.11E-02 001.0 002.7  87.7 25.78553 27.31374 3.591713 shoemake 2026-02-10 15:07:04 
AFz202 321.1  59.5 321.1  59.5 1.82E-02 001.0 003.6  87.5 22.22822 23.60090 3.081494 shoemake 2026-02-10 15:08:38 
AFz232 321.3  59.4 321.3  59.4 1.54E-02 001.0 005.9  87.4 18.90853 20.13694 2.656921 shoemake 2026-02-10 15:10:12 
AFz267 321.6  59.2 321.6  59.2 1.26E-02 001.0 007.8  87.1 15.47910 16.49372 2.211971 shoemake 2026-02-10 15:11:46 
AFz308 321.9  58.8 321.9  58.8 1.00E-02 001.0 010.0  86.8 12.37237 13.26535 1.773114 shoemake 2026-02-10 15:13:20 
AFz354 322.7  58.3 322.7  58.3 7.63E-03 001.0 015.3  86.2 9.502046 10.19573 1.386400 shoemake 2026-02-10 15:14:54 
AFz407 322.9  57.5 322.9  57.5 5.51E-03 001.1 014.1  85.4 6.943234 7.459237 1.032176 shoemake 2026-02-10 15:16:28 
AFz468 325.3  55.5 325.3  55.5 3.35E-03 001.1 021.4  83.1 4.327108 4.701210 0.667181 shoemake 2026-02-10 15:18:02 
AFz538 329.2  48.2 329.2  48.2 1.40E-03 001.2 022.7  75.4 1.977122 2.176597 0.345736 shoemake 2026-02-10 15:19:36 
AFz619 064.5 -77.3 064.5 -77.3 6.68E-04 000.5 027.3 -62.4 0.392499 0.452317 0.040898 shoemake 2026-02-10 15:21:10 
AFz712 131.2 -66.8 131.2 -66.8 2.54E-03 000.9 036.7 -83.7 2.707293 2.790277 0.321783 shoemake 2026-02-10 15:22:44 
AFz819 136.2 -64.3 136.2 -64.3 4.32E-03 000.9 040.3 -86.9 4.848795 5.079690 0.594000 shoemake 2026-02-10 15:24:18 
AFz942 137.0 -63.0 137.0 -63.0 6.05E-03 000.9 058.4 -88.0 6.917684 7.253132 0.898358 shoemake 2026-02-10 15:25:52 
AFz083 137.5 -62.5 137.5 -62.5 7.05E-03 001.0 071.7 -88.4 8.119394 8.563752 1.056256 shoemake 2026-02-10 15:27:26 
AFz246 137.6 -62.6 137.6 -62.6 7.11E-03 001.0 067.8 -88.4 8.207127 8.640358 1.093910 shoemake 2026-02-10 15:29:00 
AFz433 137.9 -62.6 137.9 -62.6 7.18E-03 001.0 064.9 -88.5 8.273925 8.695978 1.116861 shoemake 2026-02-10 15:30:35 
AFz648 138.1 -62.4 138.1 -62.4 7.19E-03 001.0 069.5 -88.7 8.301432 8.732246 1.106619 shoemake 2026-02-10 15:32:09 
AFz895 137.7 -62.3 137.7 -62.3 7.22E-03 001.0 075.6 -88.5 8.337322 8.762654 1.119812 shoemake 2026-02-10 15:33:44 
AFz179 137.6 -62.3 137.6 -62.3 7.21E-03 001.0 078.8 -88.5 8.396692 8.803169 1.071598 shoemake 2026-02-10 15:35:18 
AFz506 137.8 -62.2 137.8 -62.2 7.25E-03 001.0 078.9 -88.6 8.428103 8.826453 1.074794 shoemake 2026-02-10 15:36:53 
AFz882 137.8 -62.2 137.8 -62.2 7.23E-03 001.0 082.6 -88.6 8.369682 8.813287 1.077239 shoemake 2026-02-10 15:38:28 
AFz314 137.9 -62.4 137.9 -62.4 7.22E-03 001.0 070.6 -88.6 8.362402 8.771961 1.087008 shoemake 2026-02-10 15:40:02 
AFz812 138.4 -62.3 138.4 -62.3 7.21E-03 001.0 074.1 -88.8 8.315611 8.749559 1.090843 shoemake 2026-02-10 15:41:38 
AFmax0 137.6 -62.2 137.6 -62.2 7.13E-03 001.0 079.1 -88.5 8.239153 8.615237 1.039029 shoemake 2026-02-10 15:43:53 
IRMz   137.6 -62.2 137.6 -62.2 7.13E-03 001.0 079.1 -88.5 8.205265 8.617864 1.037137 shoemake 2026-02-10 15:45:36 
AFmax0 137.5 -62.4 137.5 -62.4 7.10E-03 001.0 075.2 -88.4 8.206656 8.557172 1.017261 shoemake 2026-02-10 15:47:51 
IRMz00 140.5 -62.1 140.5 -62.1 3.30E-01 001.4 048.8 -89.8 551.7329 579.5676 570.5637 shoemake 2026-02-10 15:49:40 
AFz 16 140.4 -62.1 140.4 -62.1 3.21E-01 001.3 052.7 -89.8 489.0511 513.2399 815.8585 shoemake 2026-02-10 15:51:14 
AFz 32 140.5 -62.1 140.5 -62.1 3.17E-01 001.1 055.9 -89.8 426.9302 448.5343 975.1215 shoemake 2026-02-10 15:52:48 
AFz 50 140.4 -62.1 140.4 -62.1 2.94E-01 001.0 058.8 -89.8 363.3407 380.8276 126.5348 shoemake 2026-02-10 15:54:22 
AFz 66 140.4 -62.1 140.4 -62.1 2.60E-01 001.0 061.1 -89.8 318.1661 333.4165 46.65267 shoemake 2026-02-10 15:55:56 
AFz 87 140.4 -62.1 140.4 -62.1 2.21E-01 001.0 063.0 -89.8 270.2631 283.6178 38.21877 shoemake 2026-02-10 15:57:31 
AFz115 140.3 -62.1 140.3 -62.1 1.84E-01 001.0 065.4 -89.8 225.4063 236.2840 31.78872 shoemake 2026-02-10 15:59:04 
AFz133 140.3 -62.1 140.3 -62.1 1.66E-01 001.0 067.6 -89.8 203.9485 213.2512 28.77142 shoemake 2026-02-10 16:00:38 
AFz153 140.3 -62.1 140.3 -62.1 1.50E-01 001.0 067.6 -89.7 184.3779 193.0017 25.66844 shoemake 2026-02-10 16:02:13 
AFz176 140.3 -62.1 140.3 -62.1 1.35E-01 001.0 067.9 -89.7 165.4392 173.2527 22.88698 shoemake 2026-02-10 16:03:47 
AFz202 140.3 -62.1 140.3 -62.1 1.20E-01 001.0 068.9 -89.7 147.0927 153.9759 20.26402 shoemake 2026-02-10 16:05:21 
AFz232 140.2 -62.1 140.2 -62.1 1.05E-01 001.0 070.5 -89.7 129.9114 135.7182 17.67327 shoemake 2026-02-10 16:06:55 
AFz267 140.2 -62.1 140.2 -62.1 9.08E-02 001.0 072.7 -89.7 111.9453 117.0938 15.11089 shoemake 2026-02-10 16:08:28 
AFz308 140.1 -62.1 140.1 -62.1 7.73E-02 001.0 072.6 -89.7 95.42542 99.46440 12.73826 shoemake 2026-02-10 16:10:02 
AFz354 140.1 -62.1 140.1 -62.1 6.49E-02 001.0 073.1 -89.7 79.64694 83.42056 10.60449 shoemake 2026-02-10 16:11:36 
AFz407 140.0 -62.1 140.0 -62.1 5.39E-02 001.0 077.5 -89.6 65.75238 69.33389 8.845523 shoemake 2026-02-10 16:13:10 
AFz468 139.9 -62.1 139.9 -62.1 4.33E-02 001.0 078.7 -89.6 52.70212 55.66901 7.070616 shoemake 2026-02-10 16:14:44 
AFz538 139.8 -62.1 139.8 -62.1 3.39E-02 001.0 077.8 -89.5 40.96329 43.43686 5.469235 shoemake 2026-02-10 16:16:18 
AFz619 139.5 -62.1 139.5 -62.1 2.52E-02 001.0 077.6 -89.4 30.39616 32.24431 4.040706 shoemake 2026-02-10 16:17:52 
AFz712 139.3 -62.1 139.3 -62.1 1.77E-02 001.0 080.9 -89.3 21.06376 22.48038 2.799837 shoemake 2026-02-10 16:19:26 
AFz819 138.9 -62.2 138.9 -62.2 1.20E-02 001.0 079.1 -89.1 14.07450 15.00633 1.829763 shoemake 2026-02-10 16:21:00 
AFz942 137.8 -62.1 137.8 -62.1 8.39E-03 001.0 085.2 -88.6 9.681691 10.38700 1.227251 shoemake 2026-02-10 16:22:34 
AFz083 137.8 -62.3 137.8 -62.3 7.79E-03 001.0 077.5 -88.6 8.940025 9.614121 1.109081 shoemake 2026-02-10 16:24:07 
AFz246 137.7 -62.5 137.7 -62.5 7.62E-03 001.0 067.7 -88.5 8.798168 9.392503 1.088954 shoemake 2026-02-10 16:25:42 
AFz433 137.6 -62.3 137.6 -62.3 7.50E-03 001.0 075.7 -88.5 8.582486 9.244847 1.075392 shoemake 2026-02-10 16:27:16 
AFz648 137.6 -62.2 137.6 -62.2 7.41E-03 001.0 079.3 -88.5 8.499752 9.103054 1.072870 shoemake 2026-02-10 16:28:50 
AFz895 137.5 -62.1 137.5 -62.1 7.37E-03 001.0 083.3 -88.4 8.398886 9.052577 1.083504 shoemake 2026-02-10 16:30:25 
AFz179 137.8 -62.5 137.8 -62.5 7.29E-03 001.0 071.0 -88.5 8.334488 8.964553 1.050548 shoemake 2026-02-10 16:31:59 
AFz506 137.9 -62.1 137.9 -62.1 7.25E-03 001.0 083.2 -88.6 8.280474 8.873776 1.053216 shoemake 2026-02-10 16:33:34 
AFz882 138.0 -62.3 138.0 -62.3 7.22E-03 001.0 076.1 -88.7 8.189316 8.768027 1.055712 shoemake 2026-02-10 16:35:09 
AFz314 137.8 -62.5 137.8 -62.5 7.21E-03 000.9 068.1 -88.5 8.160367 8.731303 1.058854 shoemake 2026-02-10 16:36:45 
AFz812 137.4 -62.4 137.4 -62.4 7.18E-03 001.0 075.1 -88.4 8.179829 8.720510 1.065982 shoemake 2026-02-10 16:38:21 
AFmax0 137.7 -62.1 137.7 -62.1 7.04E-03 001.0 084.0 -88.5 8.014784 8.495144 1.040608 shoemake 2026-02-10 16:40:36 
IRMz   137.7 -62.1 137.7 -62.1 7.04E-03 001.0 084.1 -88.5 8.035276 8.540017 1.034987 shoemake 2026-02-10 16:42:18 
AFmax0 137.6 -62.2 137.6 -62.2 7.01E-03 000.9 080.0 -88.5 7.985455 8.435903 1.052754 shoemake 2026-02-10 16:44:32 
IRMz57 140.4 -62.1 140.4 -62.1 7.04E-02 001.0 070.8 -89.8 85.32677 90.18385 12.78482 shoemake 2026-02-10 16:46:27 
IRMz76 140.5 -62.1 140.5 -62.1 1.05E-01 001.0 070.7 -89.8 127.4807 134.6120 19.21672 shoemake 2026-02-10 16:48:24 
IRMz00 140.4 -62.1 140.4 -62.1 1.32E-01 001.0 061.5 -89.8 160.4491 168.7578 25.13185 shoemake 2026-02-10 16:50:07 
IRMz33 140.4 -62.1 140.4 -62.1 1.89E-01 001.0 061.8 -89.8 230.5132 243.0175 36.31242 shoemake 2026-02-10 16:51:50 
IRMz53 140.4 -62.1 140.4 -62.1 2.15E-01 001.0 061.7 -89.8 260.3462 274.9685 42.12767 shoemake 2026-02-10 16:53:32 
IRMz76 140.4 -62.1 140.4 -62.1 2.38E-01 001.0 061.9 -89.8 289.7592 305.9131 46.13842 shoemake 2026-02-10 16:55:17 
IRMz02 140.4 -62.1 140.4 -62.1 2.60E-01 001.0 060.6 -89.8 318.4553 335.1747 50.22476 shoemake 2026-02-10 16:57:01 
IRMz32 140.4 -62.1 140.4 -62.1 2.83E-01 001.0 061.1 -89.8 345.3986 363.5210 53.18293 shoemake 2026-02-10 16:58:46 
IRMz67 140.5 -62.1 140.5 -62.1 3.00E-01 001.0 060.3 -89.8 371.0770 390.7225 177.9623 shoemake 2026-02-10 17:00:31 
IRMz08 140.4 -62.1 140.4 -62.1 3.11E-01 001.1 059.6 -89.8 398.6219 419.3679 666.9818 shoemake 2026-02-10 17:02:18 
IRMz54 140.4 -62.1 140.4 -62.1 3.16E-01 001.1 059.9 -89.8 422.9676 444.0279 976.9724 shoemake 2026-02-10 17:04:05 
IRMz07 140.4 -62.1 140.4 -62.1 3.19E-01 001.2 057.8 -89.8 445.2126 468.2330 1082.516 shoemake 2026-02-10 17:05:52 
IRMz68 140.4 -62.1 140.4 -62.1 3.18E-01 001.2 057.4 -89.8 465.4233 490.4771 994.3322 shoemake 2026-02-10 17:07:39 
IRMz38 140.4 -62.1 140.4 -62.1 3.20E-01 001.3 056.3 -89.8 487.0838 511.6631 825.1595 shoemake 2026-02-10 17:09:28 
IRMz19 140.4 -62.1 140.4 -62.1 3.21E-01 001.3 055.5 -89.8 503.7535 530.7583 736.1289 shoemake 2026-02-10 17:11:17 
IRMz12 140.4 -62.1 140.4 -62.1 3.23E-01 001.3 054.7 -89.8 520.8314 546.6933 625.1179 shoemake 2026-02-10 17:13:06 
IRMz19 140.4 -62.1 140.4 -62.1 3.27E-01 001.4 052.8 -89.8 537.7570 562.9848 596.9248 shoemake 2026-02-10 17:14:55 
IRMz42 140.4 -62.1 140.4 -62.1 3.30E-01 001.4 052.2 -89.8 548.2148 579.0409 520.9126 shoemake 2026-02-10 17:16:44 
IRMz83 140.4 -62.1 140.4 -62.1 3.33E-01 001.4 050.3 -89.8 562.4606 590.9751 530.4434 shoemake 2026-02-10 17:18:33 
IRMz46 140.4 -62.1 140.4 -62.1 3.36E-01 001.4 049.3 -89.8 572.7887 604.3745 507.7282 shoemake 2026-02-10 17:20:22 
IRMz33 140.5 -62.2 140.5 -62.2 3.40E-01 001.4 046.3 -89.8 587.1309 615.6550 494.5523 shoemake 2026-02-10 17:22:11 
IRMz48 140.5 -62.2 140.5 -62.2 3.42E-01 001.4 044.8 -89.8 592.9300 622.9432 487.0427 shoemake 2026-02-10 17:24:01 
IRMz95 140.5 -62.2 140.5 -62.2 3.45E-01 001.5 041.5 -89.8 604.7881 634.2694 497.7743 shoemake 2026-02-10 17:25:50 
IRMz79 140.5 -62.2 140.5 -62.2 3.48E-01 001.5 040.0 -89.8 612.1381 642.0159 491.8307 shoemake 2026-02-10 17:27:39 
IRMz06 140.5 -62.2 140.5 -62.2 3.50E-01 001.5 037.9 -89.8 619.4401 650.5382 487.4416 shoemake 2026-02-10 17:29:28 
IRMz82 140.5 -62.2 140.5 -62.2 3.52E-01 001.5 036.7 -89.8 624.2909 654.3289 438.2931 shoemake 2026-02-10 17:31:17 
IRMz14 140.6 -62.2 140.6 -62.2 3.54E-01 001.5 034.4 -89.8 628.9527 662.0806 499.0677 shoemake 2026-02-10 17:33:06 
IRMz12 140.6 -62.2 140.6 -62.2 3.55E-01 001.5 031.1 -89.8 638.8394 669.1239 518.7525 shoemake 2026-02-10 17:34:55 
IRMz83 140.6 -62.2 140.6 -62.2 3.56E-01 001.5 029.8 -89.8 641.4394 673.3280 456.0677 shoemake 2026-02-10 17:36:47 
IRMz41 140.6 -62.2 140.6 -62.2 3.55E-01 001.5 029.6 -89.8 641.3742 673.9454 397.2016 shoemake 2026-02-10 17:38:40 
IRMz97 140.6 -62.2 140.6 -62.2 3.57E-01 001.5 028.9 -89.8 643.3946 676.7624 474.0689 shoemake 2026-02-10 17:40:36 
IRMz67 140.6 -62.2 140.6 -62.2 3.55E-01 001.5 029.3 -89.8 641.9451 674.6937 403.4760 shoemake 2026-02-10 17:42:35 
IRMz67 140.6 -62.2 140.6 -62.2 3.55E-01 001.5 029.2 -89.8 641.6335 674.7574 382.8595 shoemake 2026-02-10 17:44:39 
IRMz17 140.6 -62.2 140.6 -62.2 3.53E-01 001.5 030.1 -89.8 635.2928 668.3842 487.7270 shoemake 2026-02-10 17:48:12 
IRMz00 140.6 -62.2 140.6 -62.2 3.53E-01 001.5 028.2 -89.8 633.8896 667.0634 480.9562 shoemake 2026-02-10 17:51:45 
AFz 16 140.6 -62.2 140.6 -62.2 3.35E-01 001.4 028.6 -89.8 574.8152 602.8002 553.2262 shoemake 2026-02-10 17:53:19 
AFz 32 140.6 -62.2 140.6 -62.2 3.22E-01 001.3 029.5 -89.8 511.4028 537.2132 711.3099 shoemake 2026-02-10 17:54:53 
AFz 50 140.6 -62.1 140.6 -62.1 3.18E-01 001.2 030.1 -89.8 446.3810 469.7255 1044.408 shoemake 2026-02-10 17:56:27 
AFz 66 140.6 -62.1 140.6 -62.1 3.12E-01 001.1 029.6 -89.8 401.9355 422.0977 643.9414 shoemake 2026-02-10 17:58:01 
AFz 87 140.6 -62.1 140.6 -62.1 2.87E-01 001.0 027.8 -89.8 355.8006 373.0641 54.08237 shoemake 2026-02-10 17:59:34 
AFz115 140.6 -62.1 140.6 -62.1 2.52E-01 001.0 026.8 -89.8 309.8145 324.7768 43.69153 shoemake 2026-02-10 18:01:09 
AFz133 140.7 -62.1 140.7 -62.1 2.34E-01 001.0 024.7 -89.8 288.1740 301.8248 41.21525 shoemake 2026-02-10 18:02:43 
AFz153 140.7 -62.2 140.7 -62.2 2.18E-01 001.0 022.3 -89.8 267.8328 281.0339 38.58750 shoemake 2026-02-10 18:04:17 
AFz176 140.7 -62.2 140.7 -62.2 2.02E-01 001.0 022.1 -89.8 249.4547 261.3590 35.39483 shoemake 2026-02-10 18:05:51 
AFz202 140.7 -62.2 140.7 -62.2 1.88E-01 001.0 018.9 -89.8 231.3353 242.0031 32.72813 shoemake 2026-02-10 18:07:25 
AFz232 140.7 -62.2 140.7 -62.2 1.73E-01 001.0 016.1 -89.8 213.4966 223.6762 30.11926 shoemake 2026-02-10 18:09:00 
AFz267 140.7 -62.2 140.7 -62.2 1.59E-01 001.0 014.8 -89.8 195.6356 204.7698 27.54213 shoemake 2026-02-10 18:10:35 
AFz308 140.7 -62.2 140.7 -62.2 1.45E-01 001.0 008.4 -89.8 178.5856 187.1214 25.04180 shoemake 2026-02-10 18:12:10 
AFz354 140.8 -62.2 140.8 -62.2 1.32E-01 001.0 005.9 -89.8 163.0595 171.4275 22.94163 shoemake 2026-02-10 18:13:43 
AFz407 140.8 -62.2 140.8 -62.2 1.21E-01 001.0 006.3 -89.8 149.3603 155.6331 20.73003 shoemake 2026-02-10 18:15:16 
AFz468 140.8 -62.2 140.8 -62.2 1.10E-01 001.0 003.4 -89.8 135.8301 139.9071 18.56056 shoemake 2026-02-10 18:16:49 
AFz538 140.8 -62.2 140.8 -62.2 1.00E-01 001.0 002.6 -89.8 123.5782 126.8678 16.91995 shoemake 2026-02-10 18:18:21 
AFz619 140.8 -62.2 140.8 -62.2 9.01E-02 001.0 359.4 -89.8 111.1929 115.1324 15.48922 shoemake 2026-02-10 18:19:54 
AFz712 140.9 -62.2 140.9 -62.2 8.06E-02 001.0 352.5 -89.8 99.35970 103.1886 13.74191 shoemake 2026-02-10 18:21:27 
AFz819 140.9 -62.2 140.9 -62.2 7.19E-02 001.0 349.2 -89.8 88.51363 92.02720 12.22728 shoemake 2026-02-10 18:23:00 
AFz942 140.9 -62.2 140.9 -62.2 6.36E-02 001.0 349.1 -89.8 78.28075 81.58667 10.81175 shoemake 2026-02-10 18:24:33 
AFz083 140.9 -62.2 140.9 -62.2 5.61E-02 001.0 350.5 -89.8 68.87433 71.66485 9.488364 shoemake 2026-02-10 18:26:06 
AFz246 140.9 -62.2 140.9 -62.2 4.90E-02 001.0 348.2 -89.8 60.06494 62.70558 8.282638 shoemake 2026-02-10 18:27:39 
AFz433 140.9 -62.3 140.9 -62.3 4.24E-02 001.0 353.1 -89.7 52.02859 54.31593 7.161306 shoemake 2026-02-10 18:29:12 
AFz648 140.8 -62.3 140.8 -62.3 3.63E-02 001.0 355.4 -89.7 44.49498 46.52735 6.187874 shoemake 2026-02-10 18:30:45 
AFz895 140.7 -62.3 140.7 -62.3 3.07E-02 001.0 005.3 -89.7 37.49004 39.45165 5.197895 shoemake 2026-02-10 18:32:18 
AFz179 140.7 -62.3 140.7 -62.3 2.56E-02 001.0 007.6 -89.7 31.04890 32.83199 4.236538 shoemake 2026-02-10 18:33:52 
AFz506 140.5 -62.3 140.5 -62.3 2.09E-02 001.0 025.9 -89.6 25.15024 26.66474 3.392801 shoemake 2026-02-10 18:35:25 
AFz882 140.2 -62.4 140.2 -62.4 1.66E-02 001.0 034.2 -89.5 19.80428 21.05263 2.635826 shoemake 2026-02-10 18:36:58 
AFz314 139.5 -62.3 139.5 -62.3 1.27E-02 000.9 066.0 -89.3 13.71662 15.13365 1.983144 shoemake 2026-02-10 18:38:33 
AFz812 138.5 -62.3 138.5 -62.3 9.29E-03 001.0 072.2 -88.9 10.85666 11.56235 1.424269 shoemake 2026-02-10 18:40:08 
AFmax0 138.1 -62.3 138.1 -62.3 7.66E-03 001.0 075.2 -88.7 8.855215 9.414257 1.195026 shoemake 2026-02-10 18:42:22 
