MicroMag 2900/3900 Data File (Series 0016.002)
Direct moment vs. field; Hysteresis loop

INSTRUMENT
Configuration                   VSM
Temperature control             None
Hardware version                0004
Software version                02/02/2016
Units of measure                Hybrid SI
Temperature in                  Celsius

SAMPLE
Mass                            N/A
Volume                          N/A
Demagnetizing factor            N/A

SETTINGS
Field range                     N/A
Field (command)                 N/A
Moment range                   +100.0000E-06
Averaging time                 +100.0000E-03
Temperature (command)           N/A
Tmprtr difference correction    No
Orientation                     0.000000E+00
Vibration amplitude             1.0
Calibration factor             +4.921742E+00
Operating frequency            +83.00000E+00
Sweep mode                      Continuous
Pause after sweep increment    +300.0000E-03

MEASUREMENT
Description                    ""
Field (measured)                N/A
Temperature (measured)          N/A
Averages (completed)            1
Measured on                     20/4-/3-27  13:16
Elapsed time                   +53.80679E+00

PROCESSING
Background subtraction          No
Delta-m processing              N/A
Demagnetizing factor            No
Normalization                   No
Normalization factor            N/A
Offset (field)                  No
Offset (moment)                 No
Pole saturation                 No
Slope correction               -225.2817E-09

VIEWPORT
Left                           -500.0000E-03
Right                          +500.0000E-03
Bottom                         -100.0000E-06
Top                            +100.0000E-06
Show X-axis?                    Yes
Show Y-axis?                    Yes

CHARACTERIZATION
Initial slope                   N/A
Saturation                     +72.99837E-06
Remanence                      +179.8801E-09
Coercivity                     +145.0851E-06
S*                             +3.024429E-03

SCRIPT
Averages (target)               1
Averaging time                 +100.0000E-03
Demagnetize?                    No
Maximum field                  +500.0000E-03
Field increment                +4.000000E-03
Hysteresis loop?                Yes
Initial magnetization?          No
Pause                          +1.000000E+00
Saturate before measuring?      No
Number of segments              2
Number of data                  502

Segment   Averaging      Initial        Field         Final                    Final 
 Number      Time         Field       Increment       Field         Pause      Index 
             (s)           (T)           (T)           (T)           (s)     
0000001,+100.0000E-03,+500.0000E-03,+4.000000E-03,-500.0000E-03,+1.000000E+00,0000251
0000002,+100.0000E-03,-500.0000E-03,+4.000000E-03,+500.0000E-03,+1.000000E+00,0000502

                               Adjusted      Adjusted  
    Field         Moment        Field         Moment   
     (T)          (Am2)          (T)          (Am2)    
+500.2017E-03,+73.05310E-06,+500.2017E-03,+72.94041E-06
+496.4916E-03,+73.24345E-06,+496.4916E-03,+73.13160E-06
+492.3885E-03,+73.18961E-06,+492.3885E-03,+73.07868E-06
+488.3257E-03,+73.15707E-06,+488.3257E-03,+73.04706E-06
+484.2677E-03,+73.15573E-06,+484.2677E-03,+73.04663E-06
+480.2347E-03,+73.16488E-06,+480.2347E-03,+73.05670E-06
+476.2000E-03,+73.16399E-06,+476.2000E-03,+73.05671E-06
+472.1852E-03,+73.16866E-06,+472.1852E-03,+73.06229E-06
+468.1795E-03,+73.12734E-06,+468.1795E-03,+73.02187E-06
+464.1642E-03,+73.13261E-06,+464.1642E-03,+73.02804E-06
+460.1400E-03,+73.11965E-06,+460.1400E-03,+73.01599E-06
+456.1437E-03,+73.12581E-06,+456.1437E-03,+73.02305E-06
+452.1329E-03,+73.13868E-06,+452.1329E-03,+73.03683E-06
+448.1166E-03,+73.13759E-06,+448.1166E-03,+73.03664E-06
+444.1106E-03,+73.12102E-06,+444.1106E-03,+73.02096E-06
+440.1106E-03,+73.12710E-06,+440.1106E-03,+73.02795E-06
+436.0985E-03,+73.14554E-06,+436.0985E-03,+73.04730E-06
+432.1011E-03,+73.11759E-06,+432.1011E-03,+73.02024E-06
+428.0917E-03,+73.12811E-06,+428.0917E-03,+73.03167E-06
+424.0947E-03,+73.14231E-06,+424.0947E-03,+73.04677E-06
+420.1019E-03,+73.12431E-06,+420.1019E-03,+73.02967E-06
+416.0898E-03,+73.14111E-06,+416.0898E-03,+73.04738E-06
+412.0364E-03,+73.11433E-06,+412.0364E-03,+73.02150E-06
+408.0126E-03,+73.08687E-06,+408.0126E-03,+72.99495E-06
+404.0078E-03,+73.10871E-06,+404.0078E-03,+73.01770E-06
+399.9949E-03,+73.10009E-06,+399.9949E-03,+73.00998E-06
+395.9908E-03,+73.09963E-06,+395.9908E-03,+73.01041E-06
+392.0059E-03,+73.09189E-06,+392.0059E-03,+73.00358E-06
+387.9929E-03,+73.10099E-06,+387.9929E-03,+73.01358E-06
+383.9955E-03,+73.10225E-06,+383.9955E-03,+73.01575E-06
+379.9945E-03,+73.10477E-06,+379.9945E-03,+73.01916E-06
+376.0027E-03,+73.10182E-06,+376.0027E-03,+73.01712E-06
+372.0154E-03,+73.10481E-06,+372.0154E-03,+73.02099E-06
+368.0020E-03,+73.10154E-06,+368.0020E-03,+73.01864E-06
+364.0066E-03,+73.08648E-06,+364.0066E-03,+73.00447E-06
+360.0051E-03,+73.08427E-06,+360.0051E-03,+73.00317E-06
+355.9819E-03,+73.10728E-06,+355.9819E-03,+73.02708E-06
+351.9717E-03,+73.10383E-06,+351.9717E-03,+73.02454E-06
+347.9899E-03,+73.08888E-06,+347.9899E-03,+73.01048E-06
+343.9961E-03,+73.06306E-06,+343.9961E-03,+72.98557E-06
+339.9908E-03,+73.08507E-06,+339.9908E-03,+73.00847E-06
+335.9858E-03,+73.07013E-06,+335.9858E-03,+72.99444E-06
+331.9805E-03,+73.06443E-06,+331.9805E-03,+72.98964E-06
+327.9862E-03,+73.06095E-06,+327.9862E-03,+72.98706E-06
+323.9780E-03,+73.06840E-06,+323.9780E-03,+72.99541E-06
+319.9844E-03,+73.06874E-06,+319.9844E-03,+72.99665E-06
+315.9886E-03,+73.07663E-06,+315.9886E-03,+73.00544E-06
+311.9856E-03,+73.08849E-06,+311.9856E-03,+73.01821E-06
+307.9812E-03,+73.06908E-06,+307.9812E-03,+72.99970E-06
+303.9638E-03,+73.05648E-06,+303.9638E-03,+72.98800E-06
+299.9538E-03,+73.05083E-06,+299.9538E-03,+72.98325E-06
+295.9586E-03,+73.03780E-06,+295.9586E-03,+72.97112E-06
+291.9630E-03,+73.04230E-06,+291.9630E-03,+72.97652E-06
+287.9603E-03,+73.05035E-06,+287.9603E-03,+72.98548E-06
+283.9582E-03,+73.06719E-06,+283.9582E-03,+73.00322E-06
+279.9650E-03,+73.05168E-06,+279.9650E-03,+72.98862E-06
+275.9622E-03,+73.05541E-06,+275.9622E-03,+72.99324E-06
+271.9649E-03,+73.03304E-06,+271.9649E-03,+72.97177E-06
+267.9642E-03,+73.03688E-06,+267.9642E-03,+72.97651E-06
+263.9689E-03,+73.03818E-06,+263.9689E-03,+72.97871E-06
+259.9753E-03,+73.01111E-06,+259.9753E-03,+72.95254E-06
+255.9530E-03,+73.04239E-06,+255.9530E-03,+72.98472E-06
+251.9570E-03,+73.04898E-06,+251.9570E-03,+72.99222E-06
+247.9520E-03,+73.03272E-06,+247.9520E-03,+72.97686E-06
+243.9526E-03,+73.03065E-06,+243.9526E-03,+72.97569E-06
+239.9594E-03,+73.01980E-06,+239.9594E-03,+72.96574E-06
+235.9587E-03,+73.00588E-06,+235.9587E-03,+72.95272E-06
+231.9598E-03,+73.01646E-06,+231.9598E-03,+72.96421E-06
+227.9590E-03,+73.01959E-06,+227.9590E-03,+72.96824E-06
+223.9524E-03,+73.01243E-06,+223.9524E-03,+72.96198E-06
+219.9515E-03,+73.01749E-06,+219.9515E-03,+72.96794E-06
+215.9626E-03,+73.02310E-06,+215.9626E-03,+72.97445E-06
+211.9713E-03,+73.02414E-06,+211.9713E-03,+72.97639E-06
+207.9417E-03,+73.01210E-06,+207.9417E-03,+72.96525E-06
+203.9019E-03,+73.03686E-06,+203.9019E-03,+72.99092E-06
+199.9106E-03,+73.02589E-06,+199.9106E-03,+72.98085E-06
+195.8976E-03,+73.01346E-06,+195.8976E-03,+72.96933E-06
+191.8947E-03,+73.00421E-06,+191.8947E-03,+72.96097E-06
+187.8913E-03,+72.98684E-06,+187.8913E-03,+72.94451E-06
+183.8919E-03,+72.99611E-06,+183.8919E-03,+72.95468E-06
+179.8866E-03,+73.00708E-06,+179.8866E-03,+72.96656E-06
+175.8649E-03,+73.00177E-06,+175.8649E-03,+72.96215E-06
+171.8669E-03,+73.01004E-06,+171.8669E-03,+72.97132E-06
+167.8753E-03,+73.02893E-06,+167.8753E-03,+72.99111E-06
+163.8927E-03,+73.02636E-06,+163.8927E-03,+72.98943E-06
+159.8791E-03,+73.00028E-06,+159.8791E-03,+72.96426E-06
+155.8764E-03,+73.00900E-06,+155.8764E-03,+72.97389E-06
+151.8836E-03,+73.02868E-06,+151.8836E-03,+72.99446E-06
+147.8744E-03,+72.99220E-06,+147.8744E-03,+72.95888E-06
+143.8677E-03,+72.98051E-06,+143.8677E-03,+72.94810E-06
+139.8800E-03,+72.99893E-06,+139.8800E-03,+72.96742E-06
+135.8669E-03,+72.98434E-06,+135.8669E-03,+72.95373E-06
+131.8681E-03,+72.98801E-06,+131.8681E-03,+72.95830E-06
+127.8792E-03,+73.00074E-06,+127.8792E-03,+72.97193E-06
+123.8878E-03,+72.99811E-06,+123.8878E-03,+72.97020E-06
+119.8784E-03,+72.96543E-06,+119.8784E-03,+72.93843E-06
+115.8836E-03,+72.93514E-06,+115.8836E-03,+72.90903E-06
+111.8894E-03,+72.92431E-06,+111.8894E-03,+72.89911E-06
+107.8884E-03,+72.94046E-06,+107.8884E-03,+72.91615E-06
+103.8923E-03,+72.94949E-06,+103.8923E-03,+72.92608E-06
+99.86929E-03,+72.95373E-06,+99.86929E-03,+72.93123E-06
+95.86018E-03,+72.90642E-06,+95.86018E-03,+72.88482E-06
+91.86652E-03,+72.94778E-06,+91.86652E-03,+72.92708E-06
+87.87446E-03,+72.85522E-06,+87.87446E-03,+72.83542E-06
+83.87440E-03,+72.85701E-06,+83.87440E-03,+72.83811E-06
+79.86097E-03,+72.83658E-06,+79.86097E-03,+72.81858E-06
+75.86414E-03,+72.80458E-06,+75.86414E-03,+72.78749E-06
+71.86850E-03,+72.75024E-06,+71.86850E-03,+72.73405E-06
+67.86575E-03,+72.54914E-06,+67.86575E-03,+72.53385E-06
+63.84986E-03,+71.22387E-06,+63.84986E-03,+71.20948E-06
+59.87009E-03,+68.24235E-06,+59.87009E-03,+68.22886E-06
+55.88071E-03,+64.75017E-06,+55.88071E-03,+64.73758E-06
+51.86255E-03,+61.05292E-06,+51.86255E-03,+61.04123E-06
+47.86374E-03,+57.20641E-06,+47.86374E-03,+57.19562E-06
+43.85354E-03,+53.16340E-06,+43.85354E-03,+53.15352E-06
+39.84351E-03,+49.01756E-06,+39.84351E-03,+49.00858E-06
+35.85660E-03,+44.62750E-06,+35.85660E-03,+44.61942E-06
+31.86771E-03,+39.81808E-06,+31.86771E-03,+39.81090E-06
+27.86417E-03,+34.94089E-06,+27.86417E-03,+34.93462E-06
+23.84787E-03,+30.03448E-06,+23.84787E-03,+30.02911E-06
+19.85263E-03,+24.98279E-06,+19.85263E-03,+24.97832E-06
+15.86692E-03,+20.02661E-06,+15.86692E-03,+20.02303E-06
+11.86890E-03,+14.99934E-06,+11.86890E-03,+14.99667E-06
+7.864170E-03,+10.00096E-06,+7.864170E-03,+9.999184E-06
+3.847075E-03,+5.085782E-06,+3.847075E-03,+5.084915E-06
-191.8141E-06,+81.52491E-09,-191.8141E-06,+81.56812E-09
-4.195673E-03,-4.919876E-06,-4.195673E-03,-4.918930E-06
-8.206894E-03,-9.949313E-06,-8.206894E-03,-9.947464E-06
-12.21536E-03,-14.97980E-06,-12.21536E-03,-14.97704E-06
-16.21110E-03,-19.88112E-06,-16.21110E-03,-19.87747E-06
-20.21270E-03,-24.90481E-06,-20.21270E-03,-24.90025E-06
-24.20906E-03,-29.89982E-06,-24.20906E-03,-29.89437E-06
-28.21761E-03,-34.81364E-06,-28.21761E-03,-34.80728E-06
-32.21182E-03,-39.75122E-06,-32.21182E-03,-39.74396E-06
-36.20848E-03,-44.46750E-06,-36.20848E-03,-44.45934E-06
-40.20788E-03,-48.91644E-06,-40.20788E-03,-48.90738E-06
-44.21230E-03,-53.05536E-06,-44.21230E-03,-53.04540E-06
-48.21166E-03,-57.18137E-06,-48.21166E-03,-57.17051E-06
-52.25150E-03,-61.04002E-06,-52.25150E-03,-61.02825E-06
-56.22952E-03,-64.73355E-06,-56.22952E-03,-64.72089E-06
-60.21563E-03,-68.21783E-06,-60.21563E-03,-68.20427E-06
-64.22599E-03,-71.22490E-06,-64.22599E-03,-71.21043E-06
-68.22912E-03,-72.45616E-06,-68.22912E-03,-72.44079E-06
-72.21841E-03,-72.69123E-06,-72.21841E-03,-72.67496E-06
-76.22521E-03,-72.81748E-06,-76.22521E-03,-72.80031E-06
-80.24214E-03,-72.86650E-06,-80.24214E-03,-72.84842E-06
-84.23349E-03,-72.91511E-06,-84.23349E-03,-72.89614E-06
-88.21801E-03,-72.88319E-06,-88.21801E-03,-72.86332E-06
-92.21930E-03,-72.89706E-06,-92.21930E-03,-72.87629E-06
-96.20571E-03,-72.96011E-06,-96.20571E-03,-72.93843E-06
-100.2130E-03,-72.88282E-06,-100.2130E-03,-72.86024E-06
-104.2426E-03,-72.95908E-06,-104.2426E-03,-72.93560E-06
-108.2307E-03,-72.92938E-06,-108.2307E-03,-72.90500E-06
-112.2240E-03,-72.93431E-06,-112.2240E-03,-72.90902E-06
-116.2323E-03,-72.92809E-06,-116.2323E-03,-72.90191E-06
-120.2414E-03,-72.93898E-06,-120.2414E-03,-72.91189E-06
-124.2291E-03,-73.00784E-06,-124.2291E-03,-72.97986E-06
-128.2331E-03,-72.94746E-06,-128.2331E-03,-72.91858E-06
-132.2299E-03,-72.92889E-06,-132.2299E-03,-72.89911E-06
-136.2180E-03,-72.95325E-06,-136.2180E-03,-72.92256E-06
-140.2225E-03,-72.92805E-06,-140.2225E-03,-72.89646E-06
-144.2260E-03,-72.95857E-06,-144.2260E-03,-72.92608E-06
-148.2402E-03,-72.93285E-06,-148.2402E-03,-72.89946E-06
-152.2315E-03,-72.95612E-06,-152.2315E-03,-72.92183E-06
-156.2418E-03,-73.04598E-06,-156.2418E-03,-73.01078E-06
-160.2470E-03,-72.98843E-06,-160.2470E-03,-72.95232E-06
-164.2307E-03,-72.99276E-06,-164.2307E-03,-72.95576E-06
-168.2256E-03,-72.96148E-06,-168.2256E-03,-72.92358E-06
-172.2264E-03,-72.98574E-06,-172.2264E-03,-72.94694E-06
-176.2216E-03,-73.02721E-06,-176.2216E-03,-72.98751E-06
-180.2351E-03,-72.99403E-06,-180.2351E-03,-72.95342E-06
-184.2383E-03,-72.99850E-06,-184.2383E-03,-72.95700E-06
-188.2406E-03,-73.04208E-06,-188.2406E-03,-72.99968E-06
-192.2264E-03,-72.97052E-06,-192.2264E-03,-72.92721E-06
-196.2335E-03,-73.00623E-06,-196.2335E-03,-72.96202E-06
-200.2359E-03,-73.00069E-06,-200.2359E-03,-72.95558E-06
-204.3071E-03,-73.00763E-06,-204.3071E-03,-72.96160E-06
-208.3057E-03,-73.00428E-06,-208.3057E-03,-72.95735E-06
-212.3106E-03,-72.98625E-06,-212.3106E-03,-72.93842E-06
-216.3192E-03,-72.98141E-06,-216.3192E-03,-72.93267E-06
-220.3130E-03,-72.96750E-06,-220.3130E-03,-72.91787E-06
-224.3144E-03,-73.03222E-06,-224.3144E-03,-72.98169E-06
-228.3093E-03,-73.03574E-06,-228.3093E-03,-72.98430E-06
-232.3217E-03,-73.03952E-06,-232.3217E-03,-72.98718E-06
-236.3184E-03,-73.01384E-06,-236.3184E-03,-72.96060E-06
-240.3209E-03,-73.00091E-06,-240.3209E-03,-72.94677E-06
-244.3291E-03,-73.02743E-06,-244.3291E-03,-72.97238E-06
-248.3125E-03,-72.97768E-06,-248.3125E-03,-72.92174E-06
-252.3091E-03,-73.06116E-06,-252.3091E-03,-73.00432E-06
-256.3168E-03,-72.99893E-06,-256.3168E-03,-72.94118E-06
-260.3256E-03,-72.97460E-06,-260.3256E-03,-72.91596E-06
-264.3279E-03,-73.01658E-06,-264.3279E-03,-72.95703E-06
-268.3137E-03,-73.07391E-06,-268.3137E-03,-73.01346E-06
-272.3193E-03,-73.03870E-06,-272.3193E-03,-72.97735E-06
-276.3089E-03,-73.05952E-06,-276.3089E-03,-72.99727E-06
-280.3142E-03,-73.04139E-06,-280.3142E-03,-72.97824E-06
-284.3248E-03,-72.96635E-06,-284.3248E-03,-72.90230E-06
-288.3272E-03,-73.03505E-06,-288.3272E-03,-72.97010E-06
-292.3299E-03,-73.04773E-06,-292.3299E-03,-72.98187E-06
-296.3271E-03,-73.06594E-06,-296.3271E-03,-72.99919E-06
-300.3073E-03,-73.06538E-06,-300.3073E-03,-72.99773E-06
-304.3091E-03,-73.02719E-06,-304.3091E-03,-72.95863E-06
-308.3347E-03,-73.04457E-06,-308.3347E-03,-72.97510E-06
-312.3287E-03,-73.03145E-06,-312.3287E-03,-72.96109E-06
-316.3244E-03,-73.02629E-06,-316.3244E-03,-72.95503E-06
-320.3311E-03,-73.03347E-06,-320.3311E-03,-72.96130E-06
-324.3406E-03,-73.06578E-06,-324.3406E-03,-72.99272E-06
-328.3276E-03,-73.09011E-06,-328.3276E-03,-73.01614E-06
-332.3295E-03,-73.07459E-06,-332.3295E-03,-72.99972E-06
-336.3359E-03,-73.09718E-06,-336.3359E-03,-73.02141E-06
-340.3422E-03,-73.06034E-06,-340.3422E-03,-72.98367E-06
-344.3311E-03,-73.02442E-06,-344.3311E-03,-72.94685E-06
-348.3315E-03,-73.04049E-06,-348.3315E-03,-72.96202E-06
-352.3367E-03,-73.01050E-06,-352.3367E-03,-72.93113E-06
-356.3315E-03,-73.06477E-06,-356.3315E-03,-72.98450E-06
-360.3506E-03,-73.05472E-06,-360.3506E-03,-72.97354E-06
-364.3473E-03,-73.00772E-06,-364.3473E-03,-72.92564E-06
-368.3394E-03,-73.07219E-06,-368.3394E-03,-72.98921E-06
-372.3532E-03,-73.05235E-06,-372.3532E-03,-72.96847E-06
-376.3347E-03,-73.07922E-06,-376.3347E-03,-72.99444E-06
-380.3217E-03,-73.06979E-06,-380.3217E-03,-72.98410E-06
-384.3367E-03,-73.06650E-06,-384.3367E-03,-72.97991E-06
-388.3391E-03,-73.04058E-06,-388.3391E-03,-72.95309E-06
-392.3196E-03,-73.05368E-06,-392.3196E-03,-72.96530E-06
-396.3178E-03,-73.05652E-06,-396.3178E-03,-72.96724E-06
-400.3248E-03,-73.10104E-06,-400.3248E-03,-73.01085E-06
-404.3260E-03,-73.09478E-06,-404.3260E-03,-73.00369E-06
-408.4057E-03,-73.05368E-06,-408.4057E-03,-72.96168E-06
-412.4189E-03,-73.06915E-06,-412.4189E-03,-72.97623E-06
-416.4248E-03,-73.09011E-06,-416.4248E-03,-72.99629E-06
-420.4101E-03,-73.10502E-06,-420.4101E-03,-73.01031E-06
-424.4095E-03,-73.08101E-06,-424.4095E-03,-72.98539E-06
-428.4145E-03,-73.04361E-06,-428.4145E-03,-72.94710E-06
-432.4181E-03,-73.06851E-06,-432.4181E-03,-72.97110E-06
-436.4287E-03,-73.04006E-06,-436.4287E-03,-72.94174E-06
-440.4319E-03,-73.07182E-06,-440.4319E-03,-72.97260E-06
-444.4228E-03,-73.04461E-06,-444.4228E-03,-72.94449E-06
-448.4200E-03,-73.04439E-06,-448.4200E-03,-72.94337E-06
-452.4307E-03,-73.08977E-06,-452.4307E-03,-72.98784E-06
-456.4176E-03,-73.06024E-06,-456.4176E-03,-72.95742E-06
-460.4371E-03,-73.08063E-06,-460.4371E-03,-72.97690E-06
-464.4438E-03,-73.06256E-06,-464.4438E-03,-72.95793E-06
-468.4343E-03,-73.05952E-06,-468.4343E-03,-72.95399E-06
-472.4307E-03,-73.05155E-06,-472.4307E-03,-72.94512E-06
-476.4284E-03,-73.03274E-06,-476.4284E-03,-72.92542E-06
-480.4323E-03,-73.09797E-06,-480.4323E-03,-72.98974E-06
-485.2590E-03,-73.06628E-06,-485.2590E-03,-72.95696E-06
-488.1069E-03,-73.05468E-06,-488.1069E-03,-72.94472E-06
-492.4018E-03,-73.09401E-06,-492.4018E-03,-72.98308E-06
-496.4034E-03,-73.09832E-06,-496.4034E-03,-72.98649E-06
-500.3562E-03,-73.11618E-06,-500.3562E-03,-73.00346E-06

-500.3508E-03,-73.10884E-06,-500.3508E-03,-72.99612E-06
-496.7045E-03,-73.03635E-06,-496.7045E-03,-72.92446E-06
-492.6016E-03,-73.03525E-06,-492.6016E-03,-72.92428E-06
-488.5420E-03,-73.05165E-06,-488.5420E-03,-72.94160E-06
-484.4768E-03,-73.06256E-06,-484.4768E-03,-72.95341E-06
-480.4280E-03,-73.07036E-06,-480.4280E-03,-72.96213E-06
-476.3988E-03,-73.07773E-06,-476.3988E-03,-72.97041E-06
-472.3769E-03,-73.08008E-06,-472.3769E-03,-72.97366E-06
-468.3563E-03,-73.08079E-06,-468.3563E-03,-72.97528E-06
-464.3423E-03,-73.08202E-06,-464.3423E-03,-72.97741E-06
-460.3166E-03,-73.08598E-06,-460.3166E-03,-72.98228E-06
-456.3130E-03,-73.09209E-06,-456.3130E-03,-72.98929E-06
-452.3174E-03,-73.08261E-06,-452.3174E-03,-72.98071E-06
-448.3062E-03,-73.08972E-06,-448.3062E-03,-72.98873E-06
-444.2996E-03,-73.09397E-06,-444.2996E-03,-72.99388E-06
-440.2839E-03,-73.09576E-06,-440.2839E-03,-72.99658E-06
-436.2681E-03,-73.09517E-06,-436.2681E-03,-72.99688E-06
-432.2595E-03,-73.08742E-06,-432.2595E-03,-72.99004E-06
-428.2594E-03,-73.09328E-06,-428.2594E-03,-72.99680E-06
-424.2524E-03,-73.08440E-06,-424.2524E-03,-72.98883E-06
-420.2519E-03,-73.07944E-06,-420.2519E-03,-72.98477E-06
-416.2554E-03,-73.08218E-06,-416.2554E-03,-72.98841E-06
-412.2453E-03,-73.08513E-06,-412.2453E-03,-72.99226E-06
-408.1558E-03,-73.08616E-06,-408.1558E-03,-72.99421E-06
-404.1587E-03,-73.08253E-06,-404.1587E-03,-72.99148E-06
-400.1586E-03,-73.08484E-06,-400.1586E-03,-72.99469E-06
-396.1528E-03,-73.07889E-06,-396.1528E-03,-72.98964E-06
-392.1531E-03,-73.07169E-06,-392.1531E-03,-72.98334E-06
-388.1610E-03,-73.07871E-06,-388.1610E-03,-72.99127E-06
-384.1417E-03,-73.07505E-06,-384.1417E-03,-72.98851E-06
-380.1561E-03,-73.08239E-06,-380.1561E-03,-72.99674E-06
-376.1562E-03,-73.08574E-06,-376.1562E-03,-73.00100E-06
-372.1662E-03,-73.07460E-06,-372.1662E-03,-72.99076E-06
-368.1661E-03,-73.07131E-06,-368.1661E-03,-72.98838E-06
-364.1471E-03,-73.07833E-06,-364.1471E-03,-72.99629E-06
-360.1499E-03,-73.07593E-06,-360.1499E-03,-72.99479E-06
-356.1479E-03,-73.06706E-06,-356.1479E-03,-72.98683E-06
-352.1532E-03,-73.07446E-06,-352.1532E-03,-72.99512E-06
-348.1587E-03,-73.07353E-06,-348.1587E-03,-72.99509E-06
-344.1425E-03,-73.05809E-06,-344.1425E-03,-72.98056E-06
-340.1479E-03,-73.06603E-06,-340.1479E-03,-72.98940E-06
-336.1499E-03,-73.06119E-06,-336.1499E-03,-72.98546E-06
-332.1335E-03,-73.06116E-06,-332.1335E-03,-72.98633E-06
-328.1403E-03,-73.05622E-06,-328.1403E-03,-72.98229E-06
-324.1431E-03,-73.05531E-06,-324.1431E-03,-72.98229E-06
-320.1240E-03,-73.06239E-06,-320.1240E-03,-72.99027E-06
-316.1221E-03,-73.06380E-06,-316.1221E-03,-72.99258E-06
-312.1205E-03,-73.05574E-06,-312.1205E-03,-72.98543E-06
-308.1256E-03,-73.04628E-06,-308.1256E-03,-72.97687E-06
-304.1169E-03,-73.04682E-06,-304.1169E-03,-72.97831E-06
-300.1173E-03,-73.06577E-06,-300.1173E-03,-72.99816E-06
-296.1260E-03,-73.04817E-06,-296.1260E-03,-72.98146E-06
-292.1225E-03,-73.04254E-06,-292.1225E-03,-72.97673E-06
-288.1173E-03,-73.04865E-06,-288.1173E-03,-72.98374E-06
-284.1093E-03,-73.04882E-06,-284.1093E-03,-72.98482E-06
-280.1126E-03,-73.04692E-06,-280.1126E-03,-72.98381E-06
-276.1328E-03,-73.03754E-06,-276.1328E-03,-72.97533E-06
-272.1197E-03,-73.04245E-06,-272.1197E-03,-72.98115E-06
-268.1098E-03,-73.03450E-06,-268.1098E-03,-72.97410E-06
-264.1225E-03,-73.04075E-06,-264.1225E-03,-72.98125E-06
-260.1177E-03,-73.04329E-06,-260.1177E-03,-72.98469E-06
-256.0995E-03,-73.03916E-06,-256.0995E-03,-72.98147E-06
-252.1130E-03,-73.03347E-06,-252.1130E-03,-72.97667E-06
-248.1193E-03,-73.04088E-06,-248.1193E-03,-72.98499E-06
-244.1114E-03,-73.04735E-06,-244.1114E-03,-72.99236E-06
-240.1150E-03,-73.03704E-06,-240.1150E-03,-72.98295E-06
-236.1149E-03,-73.01478E-06,-236.1149E-03,-72.96159E-06
-232.1063E-03,-73.02464E-06,-232.1063E-03,-72.97235E-06
-228.0943E-03,-73.02995E-06,-228.0943E-03,-72.97857E-06
-224.0980E-03,-73.00878E-06,-224.0980E-03,-72.95830E-06
-220.1026E-03,-73.03779E-06,-220.1026E-03,-72.98821E-06
-216.1000E-03,-73.01346E-06,-216.1000E-03,-72.96477E-06
-212.1026E-03,-73.02738E-06,-212.1026E-03,-72.97960E-06
-208.1026E-03,-73.03029E-06,-208.1026E-03,-72.98341E-06
-204.0217E-03,-73.01461E-06,-204.0217E-03,-72.96864E-06
-200.0125E-03,-73.00569E-06,-200.0125E-03,-72.96063E-06
-196.0340E-03,-73.01359E-06,-196.0340E-03,-72.96942E-06
-192.0193E-03,-73.00895E-06,-192.0193E-03,-72.96569E-06
-188.0181E-03,-73.00968E-06,-188.0181E-03,-72.96732E-06
-184.0083E-03,-73.02773E-06,-184.0083E-03,-72.98628E-06
-179.9979E-03,-73.01482E-06,-179.9979E-03,-72.97428E-06
-176.0165E-03,-72.99871E-06,-176.0165E-03,-72.95905E-06
-172.0118E-03,-72.99194E-06,-172.0118E-03,-72.95319E-06
-168.0042E-03,-72.99717E-06,-168.0042E-03,-72.95932E-06
-164.0022E-03,-72.97655E-06,-164.0022E-03,-72.93961E-06
-160.0145E-03,-72.96169E-06,-160.0145E-03,-72.92565E-06
-156.0087E-03,-72.97668E-06,-156.0087E-03,-72.94153E-06
-151.9935E-03,-72.96996E-06,-151.9935E-03,-72.93572E-06
-148.0094E-03,-72.98693E-06,-148.0094E-03,-72.95358E-06
-144.0197E-03,-72.99003E-06,-144.0197E-03,-72.95759E-06
-139.9888E-03,-72.96011E-06,-139.9888E-03,-72.92857E-06
-136.0003E-03,-72.96268E-06,-136.0003E-03,-72.93204E-06
-132.0102E-03,-72.93950E-06,-132.0102E-03,-72.90976E-06
-127.9992E-03,-72.96843E-06,-127.9992E-03,-72.93960E-06
-124.0129E-03,-72.93054E-06,-124.0129E-03,-72.90260E-06
-120.0162E-03,-72.93273E-06,-120.0162E-03,-72.90569E-06
-116.0050E-03,-72.94605E-06,-116.0050E-03,-72.91992E-06
-112.0177E-03,-72.92437E-06,-112.0177E-03,-72.89914E-06
-108.0063E-03,-72.93303E-06,-108.0063E-03,-72.90870E-06
-103.9864E-03,-72.91027E-06,-103.9864E-03,-72.88684E-06
-99.99628E-03,-72.88187E-06,-99.99628E-03,-72.85934E-06
-96.00866E-03,-72.88384E-06,-96.00866E-03,-72.86221E-06
-91.99628E-03,-72.86777E-06,-91.99628E-03,-72.84705E-06
-88.01454E-03,-72.85929E-06,-88.01454E-03,-72.83946E-06
-83.99803E-03,-72.84791E-06,-83.99803E-03,-72.82899E-06
-79.99708E-03,-72.81930E-06,-79.99708E-03,-72.80128E-06
-76.00184E-03,-72.80576E-06,-76.00184E-03,-72.78864E-06
-72.00196E-03,-72.76616E-06,-72.00196E-03,-72.74994E-06
-68.00342E-03,-72.53714E-06,-68.00342E-03,-72.52182E-06
-63.99134E-03,-71.10932E-06,-63.99134E-03,-71.09490E-06
-59.98636E-03,-68.14177E-06,-59.98636E-03,-68.12826E-06
-55.98937E-03,-64.62327E-06,-55.98937E-03,-64.61065E-06
-51.98160E-03,-60.89621E-06,-51.98160E-03,-60.88450E-06
-47.98676E-03,-57.10484E-06,-47.98676E-03,-57.09403E-06
-43.97598E-03,-53.08479E-06,-43.97598E-03,-53.07489E-06
-39.96851E-03,-48.86372E-06,-39.96851E-03,-48.85471E-06
-35.98478E-03,-44.44191E-06,-35.98478E-03,-44.43380E-06
-31.99985E-03,-39.71832E-06,-31.99985E-03,-39.71111E-06
-27.98504E-03,-34.83419E-06,-27.98504E-03,-34.82789E-06
-23.98001E-03,-29.87370E-06,-23.98001E-03,-29.86830E-06
-19.97244E-03,-24.87294E-06,-19.97244E-03,-24.86844E-06
-15.97842E-03,-19.86523E-06,-15.97842E-03,-19.86163E-06
-11.98081E-03,-14.92208E-06,-11.98081E-03,-14.91938E-06
-7.988345E-03,-9.956598E-06,-7.988345E-03,-9.954798E-06
-3.968107E-03,-4.913669E-06,-3.968107E-03,-4.912775E-06
+72.76668E-06,+48.78822E-09,+72.76668E-06,+48.77183E-09
+4.084649E-03,+5.076191E-06,+4.084649E-03,+5.075271E-06
+8.088640E-03,+10.07650E-06,+8.088640E-03,+10.07467E-06
+12.09843E-03,+15.06614E-06,+12.09843E-03,+15.06341E-06
+16.09856E-03,+20.03612E-06,+16.09856E-03,+20.03249E-06
+20.08110E-03,+25.06279E-06,+20.08110E-03,+25.05826E-06
+24.09449E-03,+29.97260E-06,+24.09449E-03,+29.96717E-06
+28.10134E-03,+34.91854E-06,+28.10134E-03,+34.91221E-06
+32.08864E-03,+39.90497E-06,+32.08864E-03,+39.89775E-06
+36.07430E-03,+44.60381E-06,+36.07430E-03,+44.59569E-06
+40.07950E-03,+48.99271E-06,+40.07950E-03,+48.98368E-06
+44.07048E-03,+53.17777E-06,+44.07048E-03,+53.16784E-06
+48.09182E-03,+57.27080E-06,+48.09182E-03,+57.25997E-06
+52.09539E-03,+61.05523E-06,+52.09539E-03,+61.04349E-06
+56.10158E-03,+64.74388E-06,+56.10158E-03,+64.73124E-06
+60.08229E-03,+68.30054E-06,+60.08229E-03,+68.28701E-06
+64.07910E-03,+71.22805E-06,+64.07910E-03,+71.21362E-06
+68.08745E-03,+72.41808E-06,+68.08745E-03,+72.40274E-06
+72.08150E-03,+72.71464E-06,+72.08150E-03,+72.69840E-06
+76.09805E-03,+72.78402E-06,+76.09805E-03,+72.76688E-06
+80.09975E-03,+72.83431E-06,+80.09975E-03,+72.81627E-06
+84.10513E-03,+72.88371E-06,+84.10513E-03,+72.86476E-06
+88.11881E-03,+72.86954E-06,+88.11881E-03,+72.84969E-06
+92.10332E-03,+72.88042E-06,+92.10332E-03,+72.85967E-06
+96.08945E-03,+72.91336E-06,+96.08945E-03,+72.89171E-06
+100.1032E-03,+72.94237E-06,+100.1032E-03,+72.91982E-06
+104.1101E-03,+72.95141E-06,+104.1101E-03,+72.92796E-06
+108.1071E-03,+72.89030E-06,+108.1071E-03,+72.86595E-06
+112.1148E-03,+72.89233E-06,+112.1148E-03,+72.86708E-06
+116.1144E-03,+72.96307E-06,+116.1144E-03,+72.93691E-06
+120.1087E-03,+72.98400E-06,+120.1087E-03,+72.95694E-06
+124.1077E-03,+72.97289E-06,+124.1077E-03,+72.94493E-06
+128.0974E-03,+72.99773E-06,+128.0974E-03,+72.96888E-06
+132.0914E-03,+73.02094E-06,+132.0914E-03,+72.99118E-06
+136.1029E-03,+72.95304E-06,+136.1029E-03,+72.92238E-06
+140.1000E-03,+72.99492E-06,+140.1000E-03,+72.96336E-06
+144.1065E-03,+72.96813E-06,+144.1065E-03,+72.93566E-06
+148.0930E-03,+72.96132E-06,+148.0930E-03,+72.92796E-06
+152.1071E-03,+72.98323E-06,+152.1071E-03,+72.94896E-06
+156.1125E-03,+73.06557E-06,+156.1125E-03,+73.03039E-06
+160.1008E-03,+73.01916E-06,+160.1008E-03,+72.98309E-06
+164.1041E-03,+72.99867E-06,+164.1041E-03,+72.96170E-06
+168.1071E-03,+73.02174E-06,+168.1071E-03,+72.98387E-06
+172.1033E-03,+73.00713E-06,+172.1033E-03,+72.96835E-06
+176.1095E-03,+72.97975E-06,+176.1095E-03,+72.94007E-06
+180.1144E-03,+72.96663E-06,+180.1144E-03,+72.92605E-06
+184.1083E-03,+72.95586E-06,+184.1083E-03,+72.91439E-06
+188.1176E-03,+72.99353E-06,+188.1176E-03,+72.95115E-06
+192.1192E-03,+72.98707E-06,+192.1192E-03,+72.94379E-06
+196.1232E-03,+73.02366E-06,+196.1232E-03,+72.97948E-06
+200.1287E-03,+73.00905E-06,+200.1287E-03,+72.96397E-06
+204.1529E-03,+72.98184E-06,+204.1529E-03,+72.93585E-06
+208.1748E-03,+73.04559E-06,+208.1748E-03,+72.99869E-06
+212.1700E-03,+73.03818E-06,+212.1700E-03,+72.99038E-06
+216.1823E-03,+73.00831E-06,+216.1823E-03,+72.95961E-06
+220.1688E-03,+73.00691E-06,+220.1688E-03,+72.95731E-06
+224.1577E-03,+72.99251E-06,+224.1577E-03,+72.94201E-06
+228.1585E-03,+73.00198E-06,+228.1585E-03,+72.95058E-06
+232.1727E-03,+72.96643E-06,+232.1727E-03,+72.91412E-06
+236.1674E-03,+73.01916E-06,+236.1674E-03,+72.96596E-06
+240.1839E-03,+73.01843E-06,+240.1839E-03,+72.96432E-06
+244.1882E-03,+73.03210E-06,+244.1882E-03,+72.97709E-06
+248.1867E-03,+73.01098E-06,+248.1867E-03,+72.95507E-06
+252.1752E-03,+73.01561E-06,+252.1752E-03,+72.95880E-06
+256.1819E-03,+73.00930E-06,+256.1819E-03,+72.95159E-06
+260.1795E-03,+73.05087E-06,+260.1795E-03,+72.99225E-06
+264.1768E-03,+73.01989E-06,+264.1768E-03,+72.96037E-06
+268.1708E-03,+73.02469E-06,+268.1708E-03,+72.96428E-06
+272.1728E-03,+73.02570E-06,+272.1728E-03,+72.96439E-06
+276.1910E-03,+73.01557E-06,+276.1910E-03,+72.95334E-06
+280.1831E-03,+73.00424E-06,+280.1831E-03,+72.94113E-06
+284.1728E-03,+72.99559E-06,+284.1728E-03,+72.93157E-06
+288.1688E-03,+73.02083E-06,+288.1688E-03,+72.95592E-06
+292.1681E-03,+73.02807E-06,+292.1681E-03,+72.96226E-06
+296.1689E-03,+72.99492E-06,+296.1689E-03,+72.92820E-06
+300.1740E-03,+73.01732E-06,+300.1740E-03,+72.94970E-06
+304.1732E-03,+73.08027E-06,+304.1732E-03,+73.01175E-06
+308.1847E-03,+73.03883E-06,+308.1847E-03,+72.96940E-06
+312.1756E-03,+73.00467E-06,+312.1756E-03,+72.93434E-06
+316.1756E-03,+72.99284E-06,+316.1756E-03,+72.92161E-06
+320.2061E-03,+73.04299E-06,+320.2061E-03,+72.97086E-06
+324.1823E-03,+73.06883E-06,+324.1823E-03,+72.99580E-06
+328.1898E-03,+73.03412E-06,+328.1898E-03,+72.96018E-06
+332.1986E-03,+73.03664E-06,+332.1986E-03,+72.96180E-06
+336.1950E-03,+73.03609E-06,+336.1950E-03,+72.96036E-06
+340.1915E-03,+73.03185E-06,+340.1915E-03,+72.95521E-06
+344.1914E-03,+73.01907E-06,+344.1914E-03,+72.94153E-06
+348.1962E-03,+73.02019E-06,+348.1962E-03,+72.94175E-06
+352.1934E-03,+73.02731E-06,+352.1934E-03,+72.94797E-06
+356.1938E-03,+73.01522E-06,+356.1938E-03,+72.93498E-06
+360.1914E-03,+73.02662E-06,+360.1914E-03,+72.94548E-06
+364.1843E-03,+73.03943E-06,+364.1843E-03,+72.95739E-06
+368.1965E-03,+73.06821E-06,+368.1965E-03,+72.98527E-06
+372.2057E-03,+73.04603E-06,+372.2057E-03,+72.96218E-06
+376.1767E-03,+73.00005E-06,+376.1767E-03,+72.91531E-06
+380.1736E-03,+73.00661E-06,+380.1736E-03,+72.92096E-06
+384.9873E-03,+73.02620E-06,+384.9873E-03,+72.93947E-06
+387.8573E-03,+73.03030E-06,+387.8573E-03,+72.94292E-06
+392.1553E-03,+73.05310E-06,+392.1553E-03,+72.96475E-06
+396.1903E-03,+73.05409E-06,+396.1903E-03,+72.96483E-06
+400.1981E-03,+73.04925E-06,+400.1981E-03,+72.95910E-06
+404.1974E-03,+73.06771E-06,+404.1974E-03,+72.97665E-06
+408.2204E-03,+73.03952E-06,+408.2204E-03,+72.94755E-06
+412.2654E-03,+73.04479E-06,+412.2654E-03,+72.95191E-06
+416.2625E-03,+73.04590E-06,+416.2625E-03,+72.95212E-06
+420.2760E-03,+73.05256E-06,+420.2760E-03,+72.95788E-06
+424.2811E-03,+73.02786E-06,+424.2811E-03,+72.93228E-06
+428.2649E-03,+73.02327E-06,+428.2649E-03,+72.92679E-06
+432.2601E-03,+73.03849E-06,+432.2601E-03,+72.94110E-06
+436.2656E-03,+73.04324E-06,+436.2656E-03,+72.94495E-06
+440.2603E-03,+73.03285E-06,+440.2603E-03,+72.93366E-06
+444.2732E-03,+73.05434E-06,+444.2732E-03,+72.95425E-06
+448.2815E-03,+73.04402E-06,+448.2815E-03,+72.94303E-06
+452.2744E-03,+73.04068E-06,+452.2744E-03,+72.93878E-06
+456.2629E-03,+73.02644E-06,+456.2629E-03,+72.92366E-06
+460.2831E-03,+73.06251E-06,+460.2831E-03,+72.95881E-06
+464.2903E-03,+73.06138E-06,+464.2903E-03,+72.95678E-06
+468.2764E-03,+73.05091E-06,+468.2764E-03,+72.94542E-06
+472.2795E-03,+73.02455E-06,+472.2795E-03,+72.91816E-06
+476.2792E-03,+73.04165E-06,+476.2792E-03,+72.93435E-06
+480.2601E-03,+73.04778E-06,+480.2601E-03,+72.93959E-06
+484.2772E-03,+73.04887E-06,+484.2772E-03,+72.93977E-06
+488.2851E-03,+73.06107E-06,+488.2851E-03,+72.95106E-06
+492.2799E-03,+73.04487E-06,+492.2799E-03,+72.93397E-06
+496.2591E-03,+73.04445E-06,+496.2591E-03,+72.93266E-06
+500.2174E-03,+73.08483E-06,+500.2174E-03,+72.97214E-06

MicroMag 2900/3900 Data File ends
