MicroMag 2900/3900 Data File (Series 0016.002)
Direct moment vs. field; Hysteresis loop

INSTRUMENT
Configuration                   VSM
Temperature control             None
Hardware version                0004
Software version                02/02/2016
Units of measure                Hybrid SI
Temperature in                  Celsius

SAMPLE
Mass                            N/A
Volume                          N/A
Demagnetizing factor            N/A

SETTINGS
Field range                     N/A
Field (command)                 N/A
Moment range                   +100.0000E-06
Averaging time                 +100.0000E-03
Temperature (command)           N/A
Tmprtr difference correction    No
Orientation                     0.000000E+00
Vibration amplitude             1.0
Calibration factor             +4.716435E+00
Operating frequency            +83.00000E+00
Sweep mode                      Continuous
Pause after sweep increment    +300.0000E-03

MEASUREMENT
Description                    ""
Field (measured)                N/A
Temperature (measured)          N/A
Averages (completed)            1
Measured on                     20/4-/3-28  08:43
Elapsed time                   +56.55938E+00

PROCESSING
Background subtraction          No
Delta-m processing              N/A
Demagnetizing factor            No
Normalization                   No
Normalization factor            N/A
Offset (field)                  No
Offset (moment)                 No
Pole saturation                 No
Slope correction               -477.8538E-09

VIEWPORT
Left                           -500.0000E-03
Right                          +500.0000E-03
Bottom                         -100.0000E-06
Top                            +100.0000E-06
Show X-axis?                    Yes
Show Y-axis?                    Yes

CHARACTERIZATION
Initial slope                   N/A
Saturation                     +77.59821E-06
Remanence                      +171.4785E-09
Coercivity                     +132.4449E-06
S*                             +12.26622E-03

SCRIPT
Averages (target)               1
Averaging time                 +100.0000E-03
Demagnetize?                    No
Maximum field                  +500.0000E-03
Field increment                +4.000000E-03
Hysteresis loop?                Yes
Initial magnetization?          No
Pause                          +1.000000E+00
Saturate before measuring?      No
Number of segments              2
Number of data                  502

Segment   Averaging      Initial        Field         Final                    Final 
 Number      Time         Field       Increment       Field         Pause      Index 
             (s)           (T)           (T)           (T)           (s)     
0000001,+100.0000E-03,+500.0000E-03,+4.000000E-03,-500.0000E-03,+1.000000E+00,0000251
0000002,+100.0000E-03,-500.0000E-03,+4.000000E-03,+500.0000E-03,+1.000000E+00,0000502

                               Adjusted      Adjusted  
    Field         Moment        Field         Moment   
     (T)          (Am2)          (T)          (Am2)    
+500.2045E-03,+77.78039E-06,+500.2045E-03,+77.54136E-06
+496.4767E-03,+77.91910E-06,+496.4767E-03,+77.68186E-06
+492.3541E-03,+77.87982E-06,+492.3541E-03,+77.64454E-06
+488.3049E-03,+77.87700E-06,+488.3049E-03,+77.64366E-06
+484.2588E-03,+77.87273E-06,+484.2588E-03,+77.64132E-06
+480.2131E-03,+77.86655E-06,+480.2131E-03,+77.63708E-06
+476.1783E-03,+77.84786E-06,+476.1783E-03,+77.62032E-06
+472.1759E-03,+77.85367E-06,+472.1759E-03,+77.62804E-06
+468.1698E-03,+77.83632E-06,+468.1698E-03,+77.61260E-06
+464.1424E-03,+77.83247E-06,+464.1424E-03,+77.61068E-06
+460.1133E-03,+77.81543E-06,+460.1133E-03,+77.59556E-06
+456.1040E-03,+77.82465E-06,+456.1040E-03,+77.60670E-06
+452.1060E-03,+77.82254E-06,+452.1060E-03,+77.60651E-06
+448.1021E-03,+77.81546E-06,+448.1021E-03,+77.60134E-06
+444.0953E-03,+77.81931E-06,+444.0953E-03,+77.60710E-06
+440.0876E-03,+77.83000E-06,+440.0876E-03,+77.61970E-06
+436.0889E-03,+77.79201E-06,+436.0889E-03,+77.58362E-06
+432.0775E-03,+77.82286E-06,+432.0775E-03,+77.61639E-06
+428.0616E-03,+77.82035E-06,+428.0616E-03,+77.61580E-06
+424.0738E-03,+77.82364E-06,+424.0738E-03,+77.62100E-06
+420.0749E-03,+77.79127E-06,+420.0749E-03,+77.59054E-06
+416.0771E-03,+77.78206E-06,+416.0771E-03,+77.58324E-06
+412.0168E-03,+77.80740E-06,+412.0168E-03,+77.61052E-06
+407.9864E-03,+77.79829E-06,+407.9864E-03,+77.60333E-06
+403.9884E-03,+77.81322E-06,+403.9884E-03,+77.62017E-06
+399.9795E-03,+77.79988E-06,+399.9795E-03,+77.60875E-06
+395.9776E-03,+77.79623E-06,+395.9776E-03,+77.60701E-06
+391.9856E-03,+77.79070E-06,+391.9856E-03,+77.60338E-06
+387.9838E-03,+77.80179E-06,+387.9838E-03,+77.61639E-06
+383.9641E-03,+77.78175E-06,+383.9641E-03,+77.59828E-06
+379.9591E-03,+77.79362E-06,+379.9591E-03,+77.61206E-06
+375.9705E-03,+77.76680E-06,+375.9705E-03,+77.58714E-06
+371.9743E-03,+77.77884E-06,+371.9743E-03,+77.60109E-06
+367.9800E-03,+77.76040E-06,+367.9800E-03,+77.58456E-06
+363.9827E-03,+77.73640E-06,+363.9827E-03,+77.56247E-06
+359.9696E-03,+77.76148E-06,+359.9696E-03,+77.58947E-06
+355.9577E-03,+77.75248E-06,+355.9577E-03,+77.58239E-06
+351.9557E-03,+77.73880E-06,+351.9557E-03,+77.57062E-06
+347.9585E-03,+77.76289E-06,+347.9585E-03,+77.59662E-06
+343.9665E-03,+77.76675E-06,+343.9665E-03,+77.60239E-06
+339.9731E-03,+77.77339E-06,+339.9731E-03,+77.61093E-06
+335.9689E-03,+77.78013E-06,+335.9689E-03,+77.61959E-06
+331.9468E-03,+77.78038E-06,+331.9468E-03,+77.62176E-06
+327.9597E-03,+77.75626E-06,+327.9597E-03,+77.59954E-06
+323.9540E-03,+77.74233E-06,+323.9540E-03,+77.58752E-06
+319.9440E-03,+77.73677E-06,+319.9440E-03,+77.58388E-06
+315.9492E-03,+77.75038E-06,+315.9492E-03,+77.59940E-06
+311.9533E-03,+77.70373E-06,+311.9533E-03,+77.55467E-06
+307.9412E-03,+77.72028E-06,+307.9412E-03,+77.57313E-06
+303.9359E-03,+77.72532E-06,+303.9359E-03,+77.58008E-06
+299.9339E-03,+77.75731E-06,+299.9339E-03,+77.61399E-06
+295.9493E-03,+77.69522E-06,+295.9493E-03,+77.55380E-06
+291.9409E-03,+77.73898E-06,+291.9409E-03,+77.59948E-06
+287.9319E-03,+77.71147E-06,+287.9319E-03,+77.57388E-06
+283.9263E-03,+77.71346E-06,+283.9263E-03,+77.57778E-06
+279.9288E-03,+77.73907E-06,+279.9288E-03,+77.60531E-06
+275.9175E-03,+77.72950E-06,+275.9175E-03,+77.59765E-06
+271.9244E-03,+77.72911E-06,+271.9244E-03,+77.59917E-06
+267.9218E-03,+77.73394E-06,+267.9218E-03,+77.60592E-06
+263.9211E-03,+77.70274E-06,+263.9211E-03,+77.57662E-06
+259.9264E-03,+77.71266E-06,+259.9264E-03,+77.58845E-06
+255.9154E-03,+77.72804E-06,+255.9154E-03,+77.60576E-06
+251.9343E-03,+77.67493E-06,+251.9343E-03,+77.55454E-06
+247.9384E-03,+77.69040E-06,+247.9384E-03,+77.57192E-06
+243.9244E-03,+77.68147E-06,+243.9244E-03,+77.56491E-06
+239.9363E-03,+77.68577E-06,+239.9363E-03,+77.57112E-06
+235.8830E-03,+77.66604E-06,+235.8830E-03,+77.55332E-06
+231.9034E-03,+77.67398E-06,+231.9034E-03,+77.56317E-06
+227.8952E-03,+77.68064E-06,+227.8952E-03,+77.57174E-06
+223.9275E-03,+77.66498E-06,+223.9275E-03,+77.55798E-06
+219.9336E-03,+77.67498E-06,+219.9336E-03,+77.56989E-06
+215.9216E-03,+77.65191E-06,+215.9216E-03,+77.54873E-06
+211.9235E-03,+77.70051E-06,+211.9235E-03,+77.59924E-06
+207.9094E-03,+77.71994E-06,+207.9094E-03,+77.62059E-06
+203.8682E-03,+77.65376E-06,+203.8682E-03,+77.55634E-06
+199.8700E-03,+77.66174E-06,+199.8700E-03,+77.56623E-06
+195.8666E-03,+77.67379E-06,+195.8666E-03,+77.58019E-06
+191.8656E-03,+77.65678E-06,+191.8656E-03,+77.56509E-06
+187.8658E-03,+77.69642E-06,+187.8658E-03,+77.60664E-06
+183.8648E-03,+77.66146E-06,+183.8648E-03,+77.57360E-06
+179.8432E-03,+77.66818E-06,+179.8432E-03,+77.58225E-06
+175.8585E-03,+77.66498E-06,+175.8585E-03,+77.58095E-06
+171.8520E-03,+77.61463E-06,+171.8520E-03,+77.53250E-06
+167.8565E-03,+77.61477E-06,+167.8565E-03,+77.53456E-06
+163.8576E-03,+77.55397E-06,+163.8576E-03,+77.47567E-06
+159.8638E-03,+77.54321E-06,+159.8638E-03,+77.46682E-06
+155.8552E-03,+77.60112E-06,+155.8552E-03,+77.52665E-06
+151.8331E-03,+77.60768E-06,+151.8331E-03,+77.53513E-06
+147.8464E-03,+77.65592E-06,+147.8464E-03,+77.58527E-06
+143.8412E-03,+77.64058E-06,+143.8412E-03,+77.57184E-06
+139.8336E-03,+77.65325E-06,+139.8336E-03,+77.58643E-06
+135.8355E-03,+77.65803E-06,+135.8355E-03,+77.59313E-06
+131.8513E-03,+77.61859E-06,+131.8513E-03,+77.55559E-06
+127.8452E-03,+77.59467E-06,+127.8452E-03,+77.53358E-06
+123.8549E-03,+77.59124E-06,+123.8549E-03,+77.53206E-06
+119.8632E-03,+77.59534E-06,+119.8632E-03,+77.53806E-06
+115.8432E-03,+77.59093E-06,+115.8432E-03,+77.53557E-06
+111.8541E-03,+77.62740E-06,+111.8541E-03,+77.57395E-06
+107.8736E-03,+77.61725E-06,+107.8736E-03,+77.56570E-06
+103.8640E-03,+77.56555E-06,+103.8640E-03,+77.51592E-06
+99.84007E-03,+77.64030E-06,+99.84007E-03,+77.59259E-06
+95.83393E-03,+77.56212E-06,+95.83393E-03,+77.51632E-06
+91.82857E-03,+77.56679E-06,+91.82857E-03,+77.52291E-06
+87.85046E-03,+77.55571E-06,+87.85046E-03,+77.51373E-06
+83.84243E-03,+77.51160E-06,+83.84243E-03,+77.47154E-06
+79.84683E-03,+77.54812E-06,+79.84683E-03,+77.50996E-06
+75.83202E-03,+77.54036E-06,+75.83202E-03,+77.50413E-06
+71.82748E-03,+77.39555E-06,+71.82748E-03,+77.36123E-06
+67.83111E-03,+77.27151E-06,+67.83111E-03,+77.23909E-06
+63.83403E-03,+76.59470E-06,+63.83403E-03,+76.56420E-06
+59.83877E-03,+73.93136E-06,+59.83877E-03,+73.90277E-06
+55.84763E-03,+70.23761E-06,+55.84763E-03,+70.21092E-06
+51.82963E-03,+66.06367E-06,+51.82963E-03,+66.03890E-06
+47.82022E-03,+61.69613E-06,+47.82022E-03,+61.67328E-06
+43.82667E-03,+57.22410E-06,+43.82667E-03,+57.20315E-06
+39.81256E-03,+52.56994E-06,+39.81256E-03,+52.55091E-06
+35.81215E-03,+47.61454E-06,+35.81215E-03,+47.59742E-06
+31.83562E-03,+42.46604E-06,+31.83562E-03,+42.45083E-06
+27.84240E-03,+37.23512E-06,+27.84240E-03,+37.22181E-06
+23.83802E-03,+31.97341E-06,+23.83802E-03,+31.96202E-06
+19.82465E-03,+26.67577E-06,+19.82465E-03,+26.66630E-06
+15.83362E-03,+21.32520E-06,+15.83362E-03,+21.31763E-06
+11.83151E-03,+16.04078E-06,+11.83151E-03,+16.03512E-06
+7.832023E-03,+10.65115E-06,+7.832023E-03,+10.64741E-06
+3.804894E-03,+5.323499E-06,+3.804894E-03,+5.321681E-06
-235.9769E-06,+107.8630E-09,-235.9769E-06,+107.9757E-09
-4.240268E-03,-5.236572E-06,-4.240268E-03,-5.234546E-06
-8.237042E-03,-10.58001E-06,-8.237042E-03,-10.57608E-06
-12.23838E-03,-15.88747E-06,-12.23838E-03,-15.88162E-06
-16.25198E-03,-21.24356E-06,-16.25198E-03,-21.23579E-06
-20.24148E-03,-26.56077E-06,-20.24148E-03,-26.55109E-06
-24.24108E-03,-31.81888E-06,-24.24108E-03,-31.80730E-06
-28.25758E-03,-37.13590E-06,-28.25758E-03,-37.12240E-06
-32.25479E-03,-42.39044E-06,-32.25479E-03,-42.37503E-06
-36.23838E-03,-47.54488E-06,-36.23838E-03,-47.52756E-06
-40.23543E-03,-52.50888E-06,-40.23543E-03,-52.48966E-06
-44.25239E-03,-57.20594E-06,-44.25239E-03,-57.18479E-06
-48.26278E-03,-61.70569E-06,-48.26278E-03,-61.68263E-06
-52.26707E-03,-66.05744E-06,-52.26707E-03,-66.03247E-06
-56.26285E-03,-70.20078E-06,-56.26285E-03,-70.17390E-06
-60.25318E-03,-74.00499E-06,-60.25318E-03,-73.97620E-06
-64.25721E-03,-76.58664E-06,-64.25721E-03,-76.55594E-06
-68.25998E-03,-77.25148E-06,-68.25998E-03,-77.21886E-06
-72.26159E-03,-77.36024E-06,-72.26159E-03,-77.32571E-06
-76.26688E-03,-77.40481E-06,-76.26688E-03,-77.36836E-06
-80.25999E-03,-77.45795E-06,-80.25999E-03,-77.41960E-06
-84.27478E-03,-77.51352E-06,-84.27478E-03,-77.47325E-06
-88.27253E-03,-77.53071E-06,-88.27253E-03,-77.48853E-06
-92.26798E-03,-77.55211E-06,-92.26798E-03,-77.50802E-06
-96.26245E-03,-77.58460E-06,-96.26245E-03,-77.53860E-06
-100.2641E-03,-77.55552E-06,-100.2641E-03,-77.50761E-06
-104.2856E-03,-77.57523E-06,-104.2856E-03,-77.52539E-06
-108.2726E-03,-77.57683E-06,-108.2726E-03,-77.52510E-06
-112.2880E-03,-77.60611E-06,-112.2880E-03,-77.55245E-06
-116.2891E-03,-77.61536E-06,-116.2891E-03,-77.55979E-06
-120.2766E-03,-77.60322E-06,-120.2766E-03,-77.54575E-06
-124.2696E-03,-77.60701E-06,-124.2696E-03,-77.54763E-06
-128.2864E-03,-77.62679E-06,-128.2864E-03,-77.56549E-06
-132.2970E-03,-77.69459E-06,-132.2970E-03,-77.63137E-06
-136.2669E-03,-77.67315E-06,-136.2669E-03,-77.60803E-06
-140.2636E-03,-77.60979E-06,-140.2636E-03,-77.54277E-06
-144.2736E-03,-77.61282E-06,-144.2736E-03,-77.54388E-06
-148.2717E-03,-77.63643E-06,-148.2717E-03,-77.56558E-06
-152.2656E-03,-77.62238E-06,-152.2656E-03,-77.54962E-06
-156.2760E-03,-77.68057E-06,-156.2760E-03,-77.60589E-06
-160.2709E-03,-77.67601E-06,-160.2709E-03,-77.59943E-06
-164.2792E-03,-77.65794E-06,-164.2792E-03,-77.57944E-06
-168.2858E-03,-77.67347E-06,-168.2858E-03,-77.59305E-06
-172.2796E-03,-77.69944E-06,-172.2796E-03,-77.61711E-06
-176.2880E-03,-77.72676E-06,-176.2880E-03,-77.64252E-06
-180.2943E-03,-77.70317E-06,-180.2943E-03,-77.61702E-06
-184.2940E-03,-77.67515E-06,-184.2940E-03,-77.58709E-06
-188.3060E-03,-77.68512E-06,-188.3060E-03,-77.59513E-06
-192.3000E-03,-77.62276E-06,-192.3000E-03,-77.53087E-06
-196.2968E-03,-77.70571E-06,-196.2968E-03,-77.61191E-06
-199.9527E-03,-77.68849E-06,-199.9527E-03,-77.59294E-06
-204.2360E-03,-77.71522E-06,-204.2360E-03,-77.61762E-06
-208.2685E-03,-77.70663E-06,-208.2685E-03,-77.60711E-06
-212.3620E-03,-77.72942E-06,-212.3620E-03,-77.62794E-06
-216.3780E-03,-77.68980E-06,-216.3780E-03,-77.58640E-06
-220.3625E-03,-77.69777E-06,-220.3625E-03,-77.59247E-06
-224.3568E-03,-77.67953E-06,-224.3568E-03,-77.57232E-06
-228.3708E-03,-77.72883E-06,-228.3708E-03,-77.61970E-06
-232.3681E-03,-77.71222E-06,-232.3681E-03,-77.60118E-06
-236.3668E-03,-77.72293E-06,-236.3668E-03,-77.60998E-06
-240.3665E-03,-77.75021E-06,-240.3665E-03,-77.63536E-06
-244.3794E-03,-77.69823E-06,-244.3794E-03,-77.58145E-06
-248.3830E-03,-77.67746E-06,-248.3830E-03,-77.55877E-06
-252.3649E-03,-77.66224E-06,-252.3649E-03,-77.54165E-06
-256.3768E-03,-77.73519E-06,-256.3768E-03,-77.61268E-06
-260.3883E-03,-77.75157E-06,-260.3883E-03,-77.62714E-06
-264.3742E-03,-77.72631E-06,-264.3742E-03,-77.59998E-06
-268.3902E-03,-77.76127E-06,-268.3902E-03,-77.63301E-06
-272.3984E-03,-77.74371E-06,-272.3984E-03,-77.61354E-06
-276.3873E-03,-77.75046E-06,-276.3873E-03,-77.61839E-06
-280.3941E-03,-77.72555E-06,-280.3941E-03,-77.59156E-06
-284.3860E-03,-77.73217E-06,-284.3860E-03,-77.59628E-06
-288.3887E-03,-77.70631E-06,-288.3887E-03,-77.56850E-06
-292.3838E-03,-77.76141E-06,-292.3838E-03,-77.62169E-06
-296.3798E-03,-77.75595E-06,-296.3798E-03,-77.61433E-06
-300.3778E-03,-77.74795E-06,-300.3778E-03,-77.60441E-06
-304.3762E-03,-77.71630E-06,-304.3762E-03,-77.57085E-06
-308.3873E-03,-77.70776E-06,-308.3873E-03,-77.56039E-06
-312.3875E-03,-77.71191E-06,-312.3875E-03,-77.56263E-06
-316.3846E-03,-77.71960E-06,-316.3846E-03,-77.56842E-06
-320.3933E-03,-77.73584E-06,-320.3933E-03,-77.58274E-06
-324.4032E-03,-77.75050E-06,-324.4032E-03,-77.59549E-06
-328.4068E-03,-77.72068E-06,-328.4068E-03,-77.56375E-06
-332.4124E-03,-77.72518E-06,-332.4124E-03,-77.56634E-06
-336.4084E-03,-77.74578E-06,-336.4084E-03,-77.58502E-06
-340.4076E-03,-77.70328E-06,-340.4076E-03,-77.54061E-06
-344.3996E-03,-77.76033E-06,-344.3996E-03,-77.59576E-06
-348.3802E-03,-77.71672E-06,-348.3802E-03,-77.55024E-06
-352.3864E-03,-77.75241E-06,-352.3864E-03,-77.58402E-06
-356.3996E-03,-77.76802E-06,-356.3996E-03,-77.59771E-06
-360.4036E-03,-77.79193E-06,-360.4036E-03,-77.61971E-06
-364.4116E-03,-77.79540E-06,-364.4116E-03,-77.62127E-06
-368.4016E-03,-77.76647E-06,-368.4016E-03,-77.59043E-06
-372.3952E-03,-77.80875E-06,-372.3952E-03,-77.63080E-06
-376.3984E-03,-77.82200E-06,-376.3984E-03,-77.64214E-06
-380.3895E-03,-77.78891E-06,-380.3895E-03,-77.60715E-06
-384.3947E-03,-77.76579E-06,-384.3947E-03,-77.58211E-06
-388.3920E-03,-77.82429E-06,-388.3920E-03,-77.63870E-06
-392.3828E-03,-77.74700E-06,-392.3828E-03,-77.55950E-06
-396.3876E-03,-77.76705E-06,-396.3876E-03,-77.57764E-06
-400.3847E-03,-77.75638E-06,-400.3847E-03,-77.56506E-06
-404.3915E-03,-77.76589E-06,-404.3915E-03,-77.57264E-06
-408.4790E-03,-77.77924E-06,-408.4790E-03,-77.58405E-06
-412.4853E-03,-77.76638E-06,-412.4853E-03,-77.56928E-06
-416.4788E-03,-77.76129E-06,-416.4788E-03,-77.56227E-06
-420.4808E-03,-77.77292E-06,-420.4808E-03,-77.57200E-06
-424.4916E-03,-77.79937E-06,-424.4916E-03,-77.59652E-06
-428.5197E-03,-77.82094E-06,-428.5197E-03,-77.61618E-06
-432.4992E-03,-77.79705E-06,-432.4992E-03,-77.59038E-06
-436.5012E-03,-77.78473E-06,-436.5012E-03,-77.57614E-06
-440.5188E-03,-77.78522E-06,-440.5188E-03,-77.57472E-06
-444.5105E-03,-77.80395E-06,-444.5105E-03,-77.59154E-06
-448.5080E-03,-77.81346E-06,-448.5080E-03,-77.59914E-06
-452.5008E-03,-77.85156E-06,-452.5008E-03,-77.63533E-06
-456.4884E-03,-77.85062E-06,-456.4884E-03,-77.63249E-06
-460.5152E-03,-77.81005E-06,-460.5152E-03,-77.58999E-06
-464.5172E-03,-77.80730E-06,-464.5172E-03,-77.58533E-06
-468.5169E-03,-77.77443E-06,-468.5169E-03,-77.55055E-06
-472.5012E-03,-77.74516E-06,-472.5012E-03,-77.51938E-06
-476.5064E-03,-77.79992E-06,-476.5064E-03,-77.57221E-06
-480.5036E-03,-77.82568E-06,-480.5036E-03,-77.59607E-06
-484.4980E-03,-77.84322E-06,-484.4980E-03,-77.61170E-06
-488.4915E-03,-77.80619E-06,-488.4915E-03,-77.57276E-06
-492.4904E-03,-77.79888E-06,-492.4904E-03,-77.56353E-06
-496.4627E-03,-77.81038E-06,-496.4627E-03,-77.57314E-06
-500.4252E-03,-77.87986E-06,-500.4252E-03,-77.64073E-06

-500.4225E-03,-77.86608E-06,-500.4225E-03,-77.62695E-06
-496.7840E-03,-77.78433E-06,-496.7840E-03,-77.54694E-06
-492.6570E-03,-77.78429E-06,-492.6570E-03,-77.54887E-06
-488.5987E-03,-77.78472E-06,-488.5987E-03,-77.55124E-06
-484.5538E-03,-77.79568E-06,-484.5538E-03,-77.56414E-06
-480.4938E-03,-77.79707E-06,-480.4938E-03,-77.56746E-06
-476.4676E-03,-77.79818E-06,-476.4676E-03,-77.57050E-06
-472.4482E-03,-77.79716E-06,-472.4482E-03,-77.57140E-06
-468.4262E-03,-77.80253E-06,-468.4262E-03,-77.57869E-06
-464.4184E-03,-77.81436E-06,-464.4184E-03,-77.59243E-06
-460.3874E-03,-77.81258E-06,-460.3874E-03,-77.59258E-06
-456.3866E-03,-77.81704E-06,-456.3866E-03,-77.59895E-06
-452.3878E-03,-77.81492E-06,-452.3878E-03,-77.59874E-06
-448.3670E-03,-77.81024E-06,-448.3670E-03,-77.59599E-06
-444.3506E-03,-77.80501E-06,-444.3506E-03,-77.59267E-06
-440.3370E-03,-77.81023E-06,-440.3370E-03,-77.59981E-06
-436.3382E-03,-77.81136E-06,-436.3382E-03,-77.60285E-06
-432.3303E-03,-77.80733E-06,-432.3303E-03,-77.60074E-06
-428.3330E-03,-77.80537E-06,-428.3330E-03,-77.60069E-06
-424.3310E-03,-77.79811E-06,-424.3310E-03,-77.59534E-06
-420.3186E-03,-77.80104E-06,-420.3186E-03,-77.60018E-06
-416.3152E-03,-77.79741E-06,-416.3152E-03,-77.59847E-06
-412.3200E-03,-77.79591E-06,-412.3200E-03,-77.59889E-06
-408.2322E-03,-77.80857E-06,-408.2322E-03,-77.61349E-06
-404.2326E-03,-77.80631E-06,-404.2326E-03,-77.61315E-06
-400.2130E-03,-77.79558E-06,-400.2130E-03,-77.60434E-06
-396.2172E-03,-77.78683E-06,-396.2172E-03,-77.59749E-06
-392.2309E-03,-77.78779E-06,-392.2309E-03,-77.60036E-06
-388.2190E-03,-77.79040E-06,-388.2190E-03,-77.60488E-06
-384.1974E-03,-77.79216E-06,-384.1974E-03,-77.60857E-06
-380.2094E-03,-77.78612E-06,-380.2094E-03,-77.60443E-06
-376.2118E-03,-77.78585E-06,-376.2118E-03,-77.60608E-06
-372.2285E-03,-77.78633E-06,-372.2285E-03,-77.60846E-06
-368.2370E-03,-77.78752E-06,-368.2370E-03,-77.61156E-06
-364.2238E-03,-77.78697E-06,-364.2238E-03,-77.61292E-06
-360.2192E-03,-77.77443E-06,-360.2192E-03,-77.60229E-06
-356.2154E-03,-77.77715E-06,-356.2154E-03,-77.60693E-06
-352.2146E-03,-77.77300E-06,-352.2146E-03,-77.60469E-06
-348.2038E-03,-77.77314E-06,-348.2038E-03,-77.60675E-06
-344.2172E-03,-77.77084E-06,-344.2172E-03,-77.60635E-06
-340.2246E-03,-77.77684E-06,-340.2246E-03,-77.61426E-06
-336.2070E-03,-77.76936E-06,-336.2070E-03,-77.60870E-06
-332.2019E-03,-77.76439E-06,-332.2019E-03,-77.60564E-06
-328.2094E-03,-77.77012E-06,-328.2094E-03,-77.61329E-06
-324.2079E-03,-77.75898E-06,-324.2079E-03,-77.60405E-06
-320.2019E-03,-77.77043E-06,-320.2019E-03,-77.61742E-06
-316.2076E-03,-77.76334E-06,-316.2076E-03,-77.61224E-06
-312.1962E-03,-77.75128E-06,-312.1962E-03,-77.60209E-06
-308.1813E-03,-77.74726E-06,-308.1813E-03,-77.59999E-06
-304.1918E-03,-77.75484E-06,-304.1918E-03,-77.60948E-06
-300.1906E-03,-77.74794E-06,-300.1906E-03,-77.60450E-06
-296.1814E-03,-77.75970E-06,-296.1814E-03,-77.61817E-06
-292.1790E-03,-77.74961E-06,-292.1790E-03,-77.60999E-06
-288.1797E-03,-77.73549E-06,-288.1797E-03,-77.59778E-06
-284.1786E-03,-77.74587E-06,-284.1786E-03,-77.61007E-06
-280.1805E-03,-77.74575E-06,-280.1805E-03,-77.61187E-06
-276.1894E-03,-77.75763E-06,-276.1894E-03,-77.62565E-06
-272.1761E-03,-77.73567E-06,-272.1761E-03,-77.60561E-06
-268.1785E-03,-77.72104E-06,-268.1785E-03,-77.59289E-06
-264.1806E-03,-77.72586E-06,-264.1806E-03,-77.59962E-06
-260.1825E-03,-77.73862E-06,-260.1825E-03,-77.61429E-06
-256.1566E-03,-77.73401E-06,-256.1566E-03,-77.61161E-06
-252.1757E-03,-77.70745E-06,-252.1757E-03,-77.58695E-06
-248.1814E-03,-77.72482E-06,-248.1814E-03,-77.60623E-06
-244.1658E-03,-77.71712E-06,-244.1658E-03,-77.60044E-06
-240.1733E-03,-77.71113E-06,-240.1733E-03,-77.59636E-06
-236.1834E-03,-77.71252E-06,-236.1834E-03,-77.59965E-06
-232.1582E-03,-77.72316E-06,-232.1582E-03,-77.61223E-06
-228.1563E-03,-77.71486E-06,-228.1563E-03,-77.60584E-06
-224.1546E-03,-77.70152E-06,-224.1546E-03,-77.59440E-06
-220.1422E-03,-77.69832E-06,-220.1422E-03,-77.59313E-06
-216.1612E-03,-77.70304E-06,-216.1612E-03,-77.59975E-06
-212.1726E-03,-77.69715E-06,-212.1726E-03,-77.59576E-06
-208.1482E-03,-77.71374E-06,-208.1482E-03,-77.61428E-06
-204.1015E-03,-77.70523E-06,-204.1015E-03,-77.60769E-06
-200.0934E-03,-77.69715E-06,-200.0934E-03,-77.60154E-06
-196.0854E-03,-77.69537E-06,-196.0854E-03,-77.60167E-06
-192.0838E-03,-77.68745E-06,-192.0838E-03,-77.59567E-06
-188.0830E-03,-77.69268E-06,-188.0830E-03,-77.60281E-06
-184.0712E-03,-77.68619E-06,-184.0712E-03,-77.59823E-06
-180.0842E-03,-77.69056E-06,-180.0842E-03,-77.60451E-06
-176.0870E-03,-77.64974E-06,-176.0870E-03,-77.56559E-06
-172.0778E-03,-77.66555E-06,-172.0778E-03,-77.58333E-06
-168.0692E-03,-77.68749E-06,-168.0692E-03,-77.60718E-06
-164.0759E-03,-77.67230E-06,-164.0759E-03,-77.59389E-06
-160.0727E-03,-77.66635E-06,-160.0727E-03,-77.58986E-06
-156.0716E-03,-77.64548E-06,-156.0716E-03,-77.57090E-06
-152.0652E-03,-77.67395E-06,-152.0652E-03,-77.60128E-06
-148.0692E-03,-77.66806E-06,-148.0692E-03,-77.59730E-06
-144.0710E-03,-77.63247E-06,-144.0710E-03,-77.56363E-06
-140.0644E-03,-77.66674E-06,-140.0644E-03,-77.59981E-06
-136.0746E-03,-77.63958E-06,-136.0746E-03,-77.57456E-06
-132.0430E-03,-77.61708E-06,-132.0430E-03,-77.55398E-06
-128.0483E-03,-77.63289E-06,-128.0483E-03,-77.57170E-06
-124.0702E-03,-77.63432E-06,-124.0702E-03,-77.57504E-06
-120.0753E-03,-77.64307E-06,-120.0753E-03,-77.58569E-06
-116.0706E-03,-77.60588E-06,-116.0706E-03,-77.55042E-06
-112.0549E-03,-77.62168E-06,-112.0549E-03,-77.56814E-06
-108.0457E-03,-77.60563E-06,-108.0457E-03,-77.55400E-06
-104.0454E-03,-77.59110E-06,-104.0454E-03,-77.54138E-06
-100.0418E-03,-77.59267E-06,-100.0418E-03,-77.54487E-06
-96.04939E-03,-77.56216E-06,-96.04939E-03,-77.51626E-06
-92.04819E-03,-77.55755E-06,-92.04819E-03,-77.51357E-06
-88.05471E-03,-77.53298E-06,-88.05471E-03,-77.49091E-06
-84.06460E-03,-77.54363E-06,-84.06460E-03,-77.50346E-06
-80.06299E-03,-77.48103E-06,-80.06299E-03,-77.44277E-06
-76.05448E-03,-77.44707E-06,-76.05448E-03,-77.41072E-06
-72.04138E-03,-77.44243E-06,-72.04138E-03,-77.40800E-06
-68.03265E-03,-77.34726E-06,-68.03265E-03,-77.31475E-06
-64.06191E-03,-76.58746E-06,-64.06191E-03,-76.55685E-06
-60.05149E-03,-73.90500E-06,-60.05149E-03,-73.87630E-06
-56.04178E-03,-70.17559E-06,-56.04178E-03,-70.14880E-06
-52.02487E-03,-66.02494E-06,-52.02487E-03,-66.00008E-06
-48.04020E-03,-61.73219E-06,-48.04020E-03,-61.70924E-06
-44.03415E-03,-57.20342E-06,-44.03415E-03,-57.18237E-06
-40.03619E-03,-52.51168E-06,-40.03619E-03,-52.49255E-06
-36.03374E-03,-47.54764E-06,-36.03374E-03,-47.53043E-06
-32.04376E-03,-42.34233E-06,-32.04376E-03,-42.32702E-06
-28.04100E-03,-37.05996E-06,-28.04100E-03,-37.04656E-06
-24.04059E-03,-31.79748E-06,-24.04059E-03,-31.78600E-06
-20.02659E-03,-26.49053E-06,-20.02659E-03,-26.48096E-06
-16.01721E-03,-21.17153E-06,-16.01721E-03,-21.16387E-06
-12.02299E-03,-15.84817E-06,-12.02299E-03,-15.84242E-06
-8.024464E-03,-10.56043E-06,-8.024464E-03,-10.55660E-06
-4.015390E-03,-5.296406E-06,-4.015390E-03,-5.294487E-06
+23.52009E-06,+100.9168E-09,+23.52009E-06,+100.9055E-09
+4.041411E-03,+5.393367E-06,+4.041411E-03,+5.391435E-06
+8.037230E-03,+10.70061E-06,+8.037230E-03,+10.69677E-06
+12.05386E-03,+16.01206E-06,+12.05386E-03,+16.00630E-06
+16.05618E-03,+21.29117E-06,+16.05618E-03,+21.28349E-06
+20.04541E-03,+26.64843E-06,+20.04541E-03,+26.63885E-06
+24.05054E-03,+31.88936E-06,+24.05054E-03,+31.87787E-06
+28.05391E-03,+37.24319E-06,+28.05391E-03,+37.22978E-06
+32.04650E-03,+42.48718E-06,+32.04650E-03,+42.47187E-06
+36.02541E-03,+47.63075E-06,+36.02541E-03,+47.61354E-06
+40.04501E-03,+52.52647E-06,+40.04501E-03,+52.50733E-06
+44.03884E-03,+57.26685E-06,+44.03884E-03,+57.24581E-06
+48.04261E-03,+61.74978E-06,+48.04261E-03,+61.72682E-06
+52.07231E-03,+66.09924E-06,+52.07231E-03,+66.07435E-06
+56.04046E-03,+70.21151E-06,+56.04046E-03,+70.18474E-06
+60.04682E-03,+73.98744E-06,+60.04682E-03,+73.95874E-06
+64.06465E-03,+76.55244E-06,+64.06465E-03,+76.52183E-06
+68.05622E-03,+77.28272E-06,+68.05622E-03,+77.25020E-06
+72.05579E-03,+77.46588E-06,+72.05579E-03,+77.43145E-06
+76.05542E-03,+77.43997E-06,+76.05542E-03,+77.40363E-06
+80.06102E-03,+77.47373E-06,+80.06102E-03,+77.43548E-06
+84.05861E-03,+77.52676E-06,+84.05861E-03,+77.48659E-06
+88.06782E-03,+77.56478E-06,+88.06782E-03,+77.52269E-06
+92.07742E-03,+77.57389E-06,+92.07742E-03,+77.52989E-06
+96.08360E-03,+77.60891E-06,+96.08360E-03,+77.56300E-06
+100.0764E-03,+77.61009E-06,+100.0764E-03,+77.56227E-06
+103.5543E-03,+77.56374E-06,+103.5543E-03,+77.51425E-06
+108.3199E-03,+77.59962E-06,+108.3199E-03,+77.54786E-06
+111.8070E-03,+77.59928E-06,+111.8070E-03,+77.54585E-06
+116.0646E-03,+77.65123E-06,+116.0646E-03,+77.59577E-06
+120.0834E-03,+77.62482E-06,+120.0834E-03,+77.56743E-06
+124.0695E-03,+77.61636E-06,+124.0695E-03,+77.55707E-06
+128.0598E-03,+77.57713E-06,+128.0598E-03,+77.51594E-06
+132.0682E-03,+77.57835E-06,+132.0682E-03,+77.51524E-06
+136.0618E-03,+77.62522E-06,+136.0618E-03,+77.56020E-06
+140.0638E-03,+77.63189E-06,+140.0638E-03,+77.56496E-06
+144.0594E-03,+77.65330E-06,+144.0594E-03,+77.58446E-06
+148.0626E-03,+77.62080E-06,+148.0626E-03,+77.55005E-06
+152.0723E-03,+77.61659E-06,+152.0723E-03,+77.54393E-06
+156.0738E-03,+77.61324E-06,+156.0738E-03,+77.53866E-06
+160.0784E-03,+77.64331E-06,+160.0784E-03,+77.56682E-06
+164.0774E-03,+77.63649E-06,+164.0774E-03,+77.55808E-06
+168.0739E-03,+77.67230E-06,+168.0739E-03,+77.59198E-06
+172.0674E-03,+77.67796E-06,+172.0674E-03,+77.59573E-06
+176.0707E-03,+77.70633E-06,+176.0707E-03,+77.62219E-06
+180.0850E-03,+77.68031E-06,+180.0850E-03,+77.59425E-06
+184.0820E-03,+77.64762E-06,+184.0820E-03,+77.55966E-06
+188.0898E-03,+77.61080E-06,+188.0898E-03,+77.52092E-06
+192.0848E-03,+77.65526E-06,+192.0848E-03,+77.56347E-06
+196.0850E-03,+77.66651E-06,+196.0850E-03,+77.57281E-06
+200.1006E-03,+77.69166E-06,+200.1006E-03,+77.59604E-06
+204.1312E-03,+77.71732E-06,+204.1312E-03,+77.61978E-06
+208.1539E-03,+77.70043E-06,+208.1539E-03,+77.60096E-06
+212.1566E-03,+77.67008E-06,+212.1566E-03,+77.56869E-06
+216.1429E-03,+77.68315E-06,+216.1429E-03,+77.57987E-06
+220.1394E-03,+77.70464E-06,+220.1394E-03,+77.59944E-06
+224.1342E-03,+77.65827E-06,+224.1342E-03,+77.55117E-06
+228.1425E-03,+77.65412E-06,+228.1425E-03,+77.54510E-06
+232.1310E-03,+77.65741E-06,+232.1310E-03,+77.54649E-06
+236.1430E-03,+77.68575E-06,+236.1430E-03,+77.57291E-06
+240.1441E-03,+77.71264E-06,+240.1441E-03,+77.59788E-06
+244.1381E-03,+77.65670E-06,+244.1381E-03,+77.54004E-06
+248.1462E-03,+77.64930E-06,+248.1462E-03,+77.53072E-06
+252.1409E-03,+77.70033E-06,+252.1409E-03,+77.57984E-06
+256.1449E-03,+77.74981E-06,+256.1449E-03,+77.62740E-06
+260.1483E-03,+77.72561E-06,+260.1483E-03,+77.60130E-06
+264.1498E-03,+77.72568E-06,+264.1498E-03,+77.59946E-06
+268.1482E-03,+77.71356E-06,+268.1482E-03,+77.58543E-06
+272.1485E-03,+77.69941E-06,+272.1485E-03,+77.56936E-06
+276.1590E-03,+77.72866E-06,+276.1590E-03,+77.59670E-06
+280.1514E-03,+77.73832E-06,+280.1514E-03,+77.60445E-06
+284.1398E-03,+77.73813E-06,+284.1398E-03,+77.60235E-06
+288.1393E-03,+77.71486E-06,+288.1393E-03,+77.57717E-06
+292.1498E-03,+77.67471E-06,+292.1498E-03,+77.53511E-06
+296.1462E-03,+77.67490E-06,+296.1462E-03,+77.53338E-06
+300.1336E-03,+77.71287E-06,+300.1336E-03,+77.56945E-06
+304.1358E-03,+77.66503E-06,+304.1358E-03,+77.51970E-06
+308.1732E-03,+77.73175E-06,+308.1732E-03,+77.58449E-06
+312.1699E-03,+77.65303E-06,+312.1699E-03,+77.50386E-06
+316.1602E-03,+77.70428E-06,+316.1602E-03,+77.55320E-06
+320.1713E-03,+77.70624E-06,+320.1713E-03,+77.55325E-06
+324.1749E-03,+77.73880E-06,+324.1749E-03,+77.58389E-06
+328.1546E-03,+77.70673E-06,+328.1546E-03,+77.54992E-06
+332.1706E-03,+77.72294E-06,+332.1706E-03,+77.56421E-06
+336.1738E-03,+77.69810E-06,+336.1738E-03,+77.53746E-06
+340.1683E-03,+77.72155E-06,+340.1683E-03,+77.55899E-06
+344.1618E-03,+77.74002E-06,+344.1618E-03,+77.57556E-06
+348.1602E-03,+77.73204E-06,+348.1602E-03,+77.56567E-06
+352.1694E-03,+77.74917E-06,+352.1694E-03,+77.58088E-06
+356.1762E-03,+77.72254E-06,+356.1762E-03,+77.55234E-06
+360.1742E-03,+77.73245E-06,+360.1742E-03,+77.56034E-06
+364.1639E-03,+77.72388E-06,+364.1639E-03,+77.54986E-06
+368.1821E-03,+77.76009E-06,+368.1821E-03,+77.58415E-06
+372.1806E-03,+77.71915E-06,+372.1806E-03,+77.54131E-06
+376.1678E-03,+77.72479E-06,+376.1678E-03,+77.54504E-06
+380.1594E-03,+77.75331E-06,+380.1594E-03,+77.57165E-06
+384.1634E-03,+77.72821E-06,+384.1634E-03,+77.54464E-06
+388.1698E-03,+77.73674E-06,+388.1698E-03,+77.55125E-06
+392.1806E-03,+77.74674E-06,+392.1806E-03,+77.55933E-06
+396.1695E-03,+77.71984E-06,+396.1695E-03,+77.53052E-06
+400.1718E-03,+77.73594E-06,+400.1718E-03,+77.54471E-06
+404.1721E-03,+77.75722E-06,+404.1721E-03,+77.56409E-06
+408.2095E-03,+77.74926E-06,+408.2095E-03,+77.55420E-06
+412.2558E-03,+77.75185E-06,+412.2558E-03,+77.55485E-06
+416.2374E-03,+77.75426E-06,+416.2374E-03,+77.55536E-06
+420.2495E-03,+77.75141E-06,+420.2495E-03,+77.55060E-06
+424.2361E-03,+77.74273E-06,+424.2361E-03,+77.54001E-06
+428.2428E-03,+77.72289E-06,+428.2428E-03,+77.51825E-06
+432.2487E-03,+77.75624E-06,+432.2487E-03,+77.54969E-06
+436.2448E-03,+77.74765E-06,+436.2448E-03,+77.53919E-06
+440.2416E-03,+77.75096E-06,+440.2416E-03,+77.54059E-06
+444.2492E-03,+77.74740E-06,+444.2492E-03,+77.53511E-06
+448.2558E-03,+77.73990E-06,+448.2558E-03,+77.52570E-06
+452.2454E-03,+77.74670E-06,+452.2454E-03,+77.53059E-06
+456.2527E-03,+77.73817E-06,+456.2527E-03,+77.52015E-06
+460.2659E-03,+77.75745E-06,+460.2659E-03,+77.53751E-06
+464.2744E-03,+77.74514E-06,+464.2744E-03,+77.52328E-06
+468.2744E-03,+77.74359E-06,+468.2744E-03,+77.51982E-06
+472.2445E-03,+77.73254E-06,+472.2445E-03,+77.50688E-06
+476.2451E-03,+77.73579E-06,+476.2451E-03,+77.50821E-06
+480.2563E-03,+77.74156E-06,+480.2563E-03,+77.51206E-06
+484.2713E-03,+77.74936E-06,+484.2713E-03,+77.51794E-06
+488.2703E-03,+77.76371E-06,+488.2703E-03,+77.53039E-06
+492.2522E-03,+77.74709E-06,+492.2522E-03,+77.51186E-06
+496.2198E-03,+77.72695E-06,+496.2198E-03,+77.48982E-06
+500.2083E-03,+77.81464E-06,+500.2083E-03,+77.57561E-06

MicroMag 2900/3900 Data File ends
