MicroMag 2900/3900 Data File (Series 0016.002)
Direct moment vs. field; Hysteresis loop

INSTRUMENT
Configuration                   VSM
Temperature control             None
Hardware version                0004
Software version                02/02/2016
Units of measure                Hybrid SI
Temperature in                  Celsius

SAMPLE
Mass                            N/A
Volume                          N/A
Demagnetizing factor            N/A

SETTINGS
Field range                     N/A
Field (command)                 N/A
Moment range                   +100.0000E-06
Averaging time                 +100.0000E-03
Temperature (command)           N/A
Tmprtr difference correction    No
Orientation                     0.000000E+00
Vibration amplitude             1.0
Calibration factor             +4.804491E+00
Operating frequency            +83.00000E+00
Sweep mode                      Continuous
Pause after sweep increment    +300.0000E-03

MEASUREMENT
Description                    "2024-0328"
Field (measured)                N/A
Temperature (measured)          N/A
Averages (completed)            1
Measured on                     20/4-/3-28  15:44
Elapsed time                   +56.54764E+00

PROCESSING
Background subtraction          No
Delta-m processing              N/A
Demagnetizing factor            No
Normalization                   No
Normalization factor            N/A
Offset (field)                  No
Offset (moment)                 No
Pole saturation                 No
Slope correction               -407.4114E-09

VIEWPORT
Left                           -500.0000E-03
Right                          +500.0000E-03
Bottom                         -100.0000E-06
Top                            +100.0000E-06
Show X-axis?                    Yes
Show Y-axis?                    Yes

CHARACTERIZATION
Initial slope                   N/A
Saturation                     +74.42523E-06
Remanence                      +191.4975E-09
Coercivity                     +151.9661E-06
S*                             +2.698851E-03

SCRIPT
Averages (target)               1
Averaging time                 +100.0000E-03
Demagnetize?                    No
Maximum field                  +500.0000E-03
Field increment                +4.000000E-03
Hysteresis loop?                Yes
Initial magnetization?          No
Pause                          +1.000000E+00
Saturate before measuring?      No
Number of segments              2
Number of data                  502

Segment   Averaging      Initial        Field         Final                    Final 
 Number      Time         Field       Increment       Field         Pause      Index 
             (s)           (T)           (T)           (T)           (s)     
0000001,+100.0000E-03,+500.0000E-03,+4.000000E-03,-500.0000E-03,+1.000000E+00,0000251
0000002,+100.0000E-03,-500.0000E-03,+4.000000E-03,+500.0000E-03,+1.000000E+00,0000502

                               Adjusted      Adjusted  
    Field         Moment        Field         Moment   
     (T)          (Am2)          (T)          (Am2)    
+500.2163E-03,+74.63483E-06,+500.2163E-03,+74.43104E-06
+496.4913E-03,+74.69131E-06,+496.4913E-03,+74.48903E-06
+492.3669E-03,+74.67578E-06,+492.3669E-03,+74.47518E-06
+488.3221E-03,+74.62940E-06,+488.3221E-03,+74.43046E-06
+484.2642E-03,+74.61391E-06,+484.2642E-03,+74.41662E-06
+480.2315E-03,+74.59671E-06,+480.2315E-03,+74.40106E-06
+476.2129E-03,+74.60966E-06,+476.2129E-03,+74.41564E-06
+472.1829E-03,+74.59412E-06,+472.1829E-03,+74.40175E-06
+468.1803E-03,+74.59100E-06,+468.1803E-03,+74.40026E-06
+464.1601E-03,+74.60439E-06,+464.1601E-03,+74.41529E-06
+460.1273E-03,+74.59218E-06,+460.1273E-03,+74.40472E-06
+456.1158E-03,+74.61292E-06,+456.1158E-03,+74.42709E-06
+452.1101E-03,+74.61532E-06,+452.1101E-03,+74.43112E-06
+448.1093E-03,+74.60336E-06,+448.1093E-03,+74.42079E-06
+444.1225E-03,+74.58899E-06,+444.1225E-03,+74.40805E-06
+440.1077E-03,+74.57085E-06,+440.1077E-03,+74.39155E-06
+436.1049E-03,+74.56399E-06,+436.1049E-03,+74.38632E-06
+432.0909E-03,+74.56121E-06,+432.0909E-03,+74.38516E-06
+428.0877E-03,+74.58037E-06,+428.0877E-03,+74.40597E-06
+424.0897E-03,+74.55368E-06,+424.0897E-03,+74.38090E-06
+420.0873E-03,+74.56019E-06,+420.0873E-03,+74.38904E-06
+416.0764E-03,+74.58025E-06,+416.0764E-03,+74.41074E-06
+412.0345E-03,+74.58877E-06,+412.0345E-03,+74.42090E-06
+408.0008E-03,+74.57619E-06,+408.0008E-03,+74.40997E-06
+404.0165E-03,+74.57222E-06,+404.0165E-03,+74.40762E-06
+400.0025E-03,+74.56169E-06,+400.0025E-03,+74.39872E-06
+395.9949E-03,+74.59475E-06,+395.9949E-03,+74.43342E-06
+391.9917E-03,+74.55962E-06,+391.9917E-03,+74.39992E-06
+387.9813E-03,+74.55028E-06,+387.9813E-03,+74.39221E-06
+383.9771E-03,+74.56790E-06,+383.9771E-03,+74.41147E-06
+379.9785E-03,+74.56099E-06,+379.9785E-03,+74.40618E-06
+375.9896E-03,+74.56014E-06,+375.9896E-03,+74.40695E-06
+372.0053E-03,+74.54134E-06,+372.0053E-03,+74.38978E-06
+367.9961E-03,+74.51192E-06,+367.9961E-03,+74.36199E-06
+363.9985E-03,+74.52744E-06,+363.9985E-03,+74.37914E-06
+359.9901E-03,+74.53386E-06,+359.9901E-03,+74.38720E-06
+355.9797E-03,+74.53979E-06,+355.9797E-03,+74.39476E-06
+351.9701E-03,+74.52630E-06,+351.9701E-03,+74.38290E-06
+347.9749E-03,+74.53019E-06,+347.9749E-03,+74.38842E-06
+343.9769E-03,+74.51218E-06,+343.9769E-03,+74.37204E-06
+339.9847E-03,+74.51094E-06,+339.9847E-03,+74.37242E-06
+335.9973E-03,+74.50009E-06,+335.9973E-03,+74.36320E-06
+331.9809E-03,+74.49430E-06,+331.9809E-03,+74.35905E-06
+327.9773E-03,+74.52240E-06,+327.9773E-03,+74.38877E-06
+323.9785E-03,+74.51643E-06,+323.9785E-03,+74.38444E-06
+319.9749E-03,+74.50019E-06,+319.9749E-03,+74.36983E-06
+315.9609E-03,+74.51036E-06,+315.9609E-03,+74.38163E-06
+311.9694E-03,+74.53592E-06,+311.9694E-03,+74.40882E-06
+307.9729E-03,+74.54258E-06,+307.9729E-03,+74.41710E-06
+303.9617E-03,+74.53099E-06,+303.9617E-03,+74.40715E-06
+299.9421E-03,+74.52594E-06,+299.9421E-03,+74.40374E-06
+295.9505E-03,+74.50244E-06,+295.9505E-03,+74.38187E-06
+291.9421E-03,+74.49156E-06,+291.9421E-03,+74.37262E-06
+287.9573E-03,+74.50617E-06,+287.9573E-03,+74.38885E-06
+283.9601E-03,+74.51713E-06,+283.9601E-03,+74.40145E-06
+279.9533E-03,+74.50908E-06,+279.9533E-03,+74.39502E-06
+275.9453E-03,+74.50568E-06,+275.9453E-03,+74.39325E-06
+271.9395E-03,+74.49558E-06,+271.9395E-03,+74.38479E-06
+267.9492E-03,+74.49806E-06,+267.9492E-03,+74.38889E-06
+263.9605E-03,+74.49271E-06,+263.9605E-03,+74.38517E-06
+259.9565E-03,+74.49024E-06,+259.9565E-03,+74.38433E-06
+255.9265E-03,+74.51187E-06,+255.9265E-03,+74.40761E-06
+251.9460E-03,+74.49163E-06,+251.9460E-03,+74.38898E-06
+247.9521E-03,+74.46851E-06,+247.9521E-03,+74.36749E-06
+243.9453E-03,+74.47373E-06,+243.9453E-03,+74.37434E-06
+239.9385E-03,+74.50594E-06,+239.9385E-03,+74.40819E-06
+235.9393E-03,+74.46723E-06,+235.9393E-03,+74.37111E-06
+231.9389E-03,+74.47426E-06,+231.9389E-03,+74.37977E-06
+227.9241E-03,+74.45612E-06,+227.9241E-03,+74.36326E-06
+223.9181E-03,+74.41475E-06,+223.9181E-03,+74.32353E-06
+219.9383E-03,+74.42173E-06,+219.9383E-03,+74.33213E-06
+215.9521E-03,+74.44002E-06,+215.9521E-03,+74.35204E-06
+211.9413E-03,+74.43524E-06,+211.9413E-03,+74.34889E-06
+207.9233E-03,+74.47466E-06,+207.9233E-03,+74.38995E-06
+203.8829E-03,+74.45121E-06,+203.8829E-03,+74.36815E-06
+199.8733E-03,+74.46475E-06,+199.8733E-03,+74.38332E-06
+195.8753E-03,+74.52647E-06,+195.8753E-03,+74.44667E-06
+191.8827E-03,+74.54667E-06,+191.8827E-03,+74.46849E-06
+187.8919E-03,+74.43742E-06,+187.8919E-03,+74.36087E-06
+183.8897E-03,+74.42450E-06,+183.8897E-03,+74.34958E-06
+179.8570E-03,+74.45594E-06,+179.8570E-03,+74.38267E-06
+175.8734E-03,+74.41500E-06,+175.8734E-03,+74.34335E-06
+171.8833E-03,+74.44904E-06,+171.8833E-03,+74.37902E-06
+167.8821E-03,+74.48033E-06,+167.8821E-03,+74.41193E-06
+163.8721E-03,+74.41604E-06,+163.8721E-03,+74.34927E-06
+159.8773E-03,+74.42165E-06,+159.8773E-03,+74.35652E-06
+155.8728E-03,+74.42860E-06,+155.8728E-03,+74.36510E-06
+151.8609E-03,+74.38592E-06,+151.8609E-03,+74.32405E-06
+147.8617E-03,+74.40471E-06,+147.8617E-03,+74.34448E-06
+143.8545E-03,+74.42138E-06,+143.8545E-03,+74.36278E-06
+139.8498E-03,+74.39264E-06,+139.8498E-03,+74.33566E-06
+135.8545E-03,+74.39488E-06,+135.8545E-03,+74.33954E-06
+131.8661E-03,+74.37170E-06,+131.8661E-03,+74.31797E-06
+127.8761E-03,+74.36563E-06,+127.8761E-03,+74.31354E-06
+123.8685E-03,+74.39780E-06,+123.8685E-03,+74.34734E-06
+119.8629E-03,+74.41887E-06,+119.8629E-03,+74.37003E-06
+115.8742E-03,+74.42744E-06,+115.8742E-03,+74.38024E-06
+111.8873E-03,+74.41453E-06,+111.8873E-03,+74.36895E-06
+107.8823E-03,+74.38181E-06,+107.8823E-03,+74.33786E-06
+103.8768E-03,+74.43158E-06,+103.8768E-03,+74.38927E-06
+99.86051E-03,+74.42037E-06,+99.86051E-03,+74.37968E-06
+95.86331E-03,+74.35228E-06,+95.86331E-03,+74.31322E-06
+91.88268E-03,+74.39712E-06,+91.88268E-03,+74.35968E-06
+87.85531E-03,+74.37019E-06,+87.85531E-03,+74.33440E-06
+83.85497E-03,+74.42210E-06,+83.85497E-03,+74.38794E-06
+79.84941E-03,+74.37461E-06,+79.84941E-03,+74.34208E-06
+75.85536E-03,+74.32984E-06,+75.85536E-03,+74.29894E-06
+71.85531E-03,+74.30511E-06,+71.85531E-03,+74.27583E-06
+67.84891E-03,+74.21892E-06,+67.84891E-03,+74.19128E-06
+63.84651E-03,+73.96252E-06,+63.84651E-03,+73.93651E-06
+59.84971E-03,+72.00941E-06,+59.84971E-03,+71.98503E-06
+55.84531E-03,+68.52840E-06,+55.84531E-03,+68.50565E-06
+51.84251E-03,+64.58937E-06,+51.84251E-03,+64.56824E-06
+47.84115E-03,+60.29194E-06,+47.84115E-03,+60.27245E-06
+43.85251E-03,+55.68231E-06,+43.85251E-03,+55.66444E-06
+39.84691E-03,+50.87397E-06,+39.84691E-03,+50.85774E-06
+35.84211E-03,+45.90626E-06,+35.84211E-03,+45.89165E-06
+31.83971E-03,+40.80475E-06,+31.83971E-03,+40.79178E-06
+27.86451E-03,+35.81053E-06,+27.86451E-03,+35.79918E-06
+23.84851E-03,+30.66672E-06,+23.84851E-03,+30.65700E-06
+19.84411E-03,+25.57981E-06,+19.84411E-03,+25.57173E-06
+15.85298E-03,+20.51388E-06,+15.85298E-03,+20.50742E-06
+11.84451E-03,+15.37139E-06,+11.84451E-03,+15.36656E-06
+7.846907E-03,+10.30302E-06,+7.846907E-03,+10.29982E-06
+3.821306E-03,+5.185401E-06,+3.821306E-03,+5.183844E-06
-219.0938E-06,+102.9603E-09,-219.0938E-06,+103.0495E-09
-4.225094E-03,-4.973774E-06,-4.225094E-03,-4.972052E-06
-8.216520E-03,-10.07358E-06,-8.216520E-03,-10.07024E-06
-12.22401E-03,-15.24592E-06,-12.22401E-03,-15.24094E-06
-16.23709E-03,-20.44817E-06,-16.23709E-03,-20.44155E-06
-20.22550E-03,-25.54442E-06,-20.22550E-03,-25.53618E-06
-24.23230E-03,-30.61951E-06,-24.23230E-03,-30.60964E-06
-28.24636E-03,-35.66040E-06,-28.24636E-03,-35.64889E-06
-32.23350E-03,-40.72409E-06,-32.23350E-03,-40.71095E-06
-36.23389E-03,-45.80219E-06,-36.23389E-03,-45.78743E-06
-40.22418E-03,-50.80022E-06,-40.22418E-03,-50.78383E-06
-44.21270E-03,-55.59346E-06,-44.21270E-03,-55.57545E-06
-48.22630E-03,-60.15553E-06,-48.22630E-03,-60.13588E-06
-52.23631E-03,-64.46741E-06,-52.23631E-03,-64.44613E-06
-56.21910E-03,-68.47341E-06,-56.21910E-03,-68.45051E-06
-60.22229E-03,-72.03693E-06,-60.22229E-03,-72.01239E-06
-64.23394E-03,-73.80408E-06,-64.23394E-03,-73.77791E-06
-68.23390E-03,-74.20043E-06,-68.23390E-03,-74.17263E-06
-72.23507E-03,-74.29245E-06,-72.23507E-03,-74.26301E-06
-76.24110E-03,-74.28600E-06,-76.24110E-03,-74.25494E-06
-80.24430E-03,-74.35714E-06,-80.24430E-03,-74.32445E-06
-84.24630E-03,-74.41237E-06,-84.24630E-03,-74.37805E-06
-88.24550E-03,-74.35674E-06,-88.24550E-03,-74.32079E-06
-92.24670E-03,-74.38223E-06,-92.24670E-03,-74.34465E-06
-96.24150E-03,-74.40020E-06,-96.24150E-03,-74.36099E-06
-100.2467E-03,-74.40887E-06,-100.2467E-03,-74.36803E-06
-104.2637E-03,-74.46264E-06,-104.2637E-03,-74.42017E-06
-108.2631E-03,-74.46080E-06,-108.2631E-03,-74.41670E-06
-112.2593E-03,-74.42135E-06,-112.2593E-03,-74.37562E-06
-116.2611E-03,-74.45156E-06,-116.2611E-03,-74.40420E-06
-120.2627E-03,-74.44440E-06,-120.2627E-03,-74.39540E-06
-124.2577E-03,-74.47964E-06,-124.2577E-03,-74.42902E-06
-128.2479E-03,-74.44148E-06,-128.2479E-03,-74.38923E-06
-132.2479E-03,-74.45838E-06,-132.2479E-03,-74.40450E-06
-136.2595E-03,-74.47183E-06,-136.2595E-03,-74.41631E-06
-140.2655E-03,-74.52121E-06,-140.2655E-03,-74.46406E-06
-143.6347E-03,-74.47107E-06,-143.6347E-03,-74.41255E-06
-148.1786E-03,-74.43433E-06,-148.1786E-03,-74.37396E-06
-152.1451E-03,-74.43258E-06,-152.1451E-03,-74.37060E-06
-156.2647E-03,-74.49648E-06,-156.2647E-03,-74.43281E-06
-160.2516E-03,-74.47782E-06,-160.2516E-03,-74.41253E-06
-164.2847E-03,-74.48094E-06,-164.2847E-03,-74.41401E-06
-168.2706E-03,-74.55016E-06,-168.2706E-03,-74.48161E-06
-172.2651E-03,-74.48988E-06,-172.2651E-03,-74.41970E-06
-176.2579E-03,-74.55311E-06,-176.2579E-03,-74.48130E-06
-180.2679E-03,-74.52961E-06,-180.2679E-03,-74.45617E-06
-184.2743E-03,-74.50307E-06,-184.2743E-03,-74.42800E-06
-188.2747E-03,-74.46842E-06,-188.2747E-03,-74.39172E-06
-192.2775E-03,-74.44431E-06,-192.2775E-03,-74.36598E-06
-196.2754E-03,-74.49830E-06,-196.2754E-03,-74.41833E-06
-200.2679E-03,-74.54753E-06,-200.2679E-03,-74.46594E-06
-204.3439E-03,-74.54461E-06,-204.3439E-03,-74.46136E-06
-208.3523E-03,-74.53714E-06,-208.3523E-03,-74.45225E-06
-212.3605E-03,-74.50359E-06,-212.3605E-03,-74.41708E-06
-216.3482E-03,-74.48372E-06,-216.3482E-03,-74.39558E-06
-220.3475E-03,-74.47223E-06,-220.3475E-03,-74.38246E-06
-224.3415E-03,-74.47882E-06,-224.3415E-03,-74.38742E-06
-228.3530E-03,-74.50180E-06,-228.3530E-03,-74.40877E-06
-232.3448E-03,-74.55685E-06,-232.3448E-03,-74.46219E-06
-236.3375E-03,-74.51851E-06,-236.3375E-03,-74.42222E-06
-240.3423E-03,-74.51713E-06,-240.3423E-03,-74.41921E-06
-244.3435E-03,-74.53612E-06,-244.3435E-03,-74.43657E-06
-248.3463E-03,-74.55962E-06,-248.3463E-03,-74.45844E-06
-252.3363E-03,-74.49568E-06,-252.3363E-03,-74.39288E-06
-256.3483E-03,-74.52391E-06,-256.3483E-03,-74.41947E-06
-260.3495E-03,-74.54670E-06,-260.3495E-03,-74.44063E-06
-264.3483E-03,-74.52302E-06,-264.3483E-03,-74.41532E-06
-268.3555E-03,-74.48457E-06,-268.3555E-03,-74.37525E-06
-272.3627E-03,-74.50661E-06,-272.3627E-03,-74.39564E-06
-276.3565E-03,-74.54481E-06,-276.3565E-03,-74.43222E-06
-280.3502E-03,-74.52344E-06,-280.3502E-03,-74.40922E-06
-284.3496E-03,-74.54102E-06,-284.3496E-03,-74.42517E-06
-288.3439E-03,-74.55855E-06,-288.3439E-03,-74.44107E-06
-292.3471E-03,-74.55816E-06,-292.3471E-03,-74.43905E-06
-296.3519E-03,-74.54014E-06,-296.3519E-03,-74.41940E-06
-300.3543E-03,-74.54227E-06,-300.3543E-03,-74.41991E-06
-304.3575E-03,-74.57726E-06,-304.3575E-03,-74.45327E-06
-308.3715E-03,-74.59404E-06,-308.3715E-03,-74.46841E-06
-312.3641E-03,-74.55797E-06,-312.3641E-03,-74.43070E-06
-316.3571E-03,-74.56449E-06,-316.3571E-03,-74.43560E-06
-320.3587E-03,-74.56072E-06,-320.3587E-03,-74.43020E-06
-324.3619E-03,-74.50290E-06,-324.3619E-03,-74.37075E-06
-328.3587E-03,-74.57018E-06,-328.3587E-03,-74.43641E-06
-332.3635E-03,-74.59797E-06,-332.3635E-03,-74.46256E-06
-336.3615E-03,-74.49895E-06,-336.3615E-03,-74.36192E-06
-340.3667E-03,-74.54559E-06,-340.3667E-03,-74.40692E-06
-344.3751E-03,-74.56174E-06,-344.3751E-03,-74.42143E-06
-348.3751E-03,-74.58045E-06,-348.3751E-03,-74.43852E-06
-352.3803E-03,-74.55218E-06,-352.3803E-03,-74.40862E-06
-356.3707E-03,-74.55917E-06,-356.3707E-03,-74.41398E-06
-360.3727E-03,-74.62528E-06,-360.3727E-03,-74.47846E-06
-364.3711E-03,-74.55509E-06,-364.3711E-03,-74.40664E-06
-368.3776E-03,-74.56146E-06,-368.3776E-03,-74.41138E-06
-372.3891E-03,-74.59093E-06,-372.3891E-03,-74.43922E-06
-376.3591E-03,-74.57634E-06,-376.3591E-03,-74.42301E-06
-380.3470E-03,-74.54841E-06,-380.3470E-03,-74.39346E-06
-384.3709E-03,-74.56211E-06,-384.3709E-03,-74.40551E-06
-388.3695E-03,-74.62709E-06,-388.3695E-03,-74.46887E-06
-392.3657E-03,-74.64200E-06,-392.3657E-03,-74.48214E-06
-396.3675E-03,-74.58912E-06,-396.3675E-03,-74.42764E-06
-400.3621E-03,-74.58808E-06,-400.3621E-03,-74.42496E-06
-404.3599E-03,-74.61872E-06,-404.3599E-03,-74.45398E-06
-408.4391E-03,-74.61142E-06,-408.4391E-03,-74.44502E-06
-412.4455E-03,-74.56449E-06,-412.4455E-03,-74.39645E-06
-416.4519E-03,-74.57829E-06,-416.4519E-03,-74.40862E-06
-420.4439E-03,-74.59315E-06,-420.4439E-03,-74.42186E-06
-424.4411E-03,-74.60802E-06,-424.4411E-03,-74.43510E-06
-428.4503E-03,-74.58824E-06,-428.4503E-03,-74.41368E-06
-432.4607E-03,-74.61483E-06,-432.4607E-03,-74.43864E-06
-436.4747E-03,-74.64248E-06,-436.4747E-03,-74.46466E-06
-440.4589E-03,-74.59387E-06,-440.4589E-03,-74.41443E-06
-444.4523E-03,-74.55828E-06,-444.4523E-03,-74.37720E-06
-448.4639E-03,-74.60408E-06,-448.4639E-03,-74.42138E-06
-452.4675E-03,-74.59833E-06,-452.4675E-03,-74.41398E-06
-456.4619E-03,-74.61174E-06,-456.4619E-03,-74.42577E-06
-460.4751E-03,-74.59807E-06,-460.4751E-03,-74.41046E-06
-464.4702E-03,-74.57862E-06,-464.4702E-03,-74.38939E-06
-468.4827E-03,-74.58687E-06,-468.4827E-03,-74.39600E-06
-472.4674E-03,-74.60017E-06,-472.4674E-03,-74.40768E-06
-476.4628E-03,-74.58661E-06,-476.4628E-03,-74.39249E-06
-480.4651E-03,-74.64169E-06,-480.4651E-03,-74.44595E-06
-484.4767E-03,-74.59913E-06,-484.4767E-03,-74.40175E-06
-488.4859E-03,-74.56678E-06,-488.4859E-03,-74.36777E-06
-492.4738E-03,-74.59994E-06,-492.4738E-03,-74.39929E-06
-496.4340E-03,-74.61268E-06,-496.4340E-03,-74.41043E-06
-500.3991E-03,-74.67509E-06,-500.3991E-03,-74.47122E-06

-500.3952E-03,-74.65816E-06,-500.3952E-03,-74.45430E-06
-496.7566E-03,-74.59726E-06,-496.7566E-03,-74.39488E-06
-492.6502E-03,-74.58656E-06,-492.6502E-03,-74.38585E-06
-488.5825E-03,-74.59601E-06,-488.5825E-03,-74.39696E-06
-484.5257E-03,-74.60546E-06,-484.5257E-03,-74.40806E-06
-480.4881E-03,-74.61722E-06,-480.4881E-03,-74.42146E-06
-476.4489E-03,-74.61205E-06,-476.4489E-03,-74.41794E-06
-472.4217E-03,-74.61926E-06,-472.4217E-03,-74.42679E-06
-468.4037E-03,-74.61877E-06,-468.4037E-03,-74.42794E-06
-464.3878E-03,-74.62242E-06,-464.3878E-03,-74.43322E-06
-460.3697E-03,-74.63138E-06,-460.3697E-03,-74.44382E-06
-456.3529E-03,-74.63354E-06,-456.3529E-03,-74.44762E-06
-452.3572E-03,-74.62790E-06,-452.3572E-03,-74.44361E-06
-448.3537E-03,-74.62258E-06,-448.3537E-03,-74.43991E-06
-444.3345E-03,-74.62528E-06,-444.3345E-03,-74.44425E-06
-440.3233E-03,-74.63058E-06,-440.3233E-03,-74.45119E-06
-436.3177E-03,-74.62576E-06,-436.3177E-03,-74.44801E-06
-432.3066E-03,-74.62222E-06,-432.3066E-03,-74.44609E-06
-428.3064E-03,-74.62608E-06,-428.3064E-03,-74.45158E-06
-424.3090E-03,-74.61948E-06,-424.3090E-03,-74.44661E-06
-420.2987E-03,-74.62185E-06,-420.2987E-03,-74.45062E-06
-416.2914E-03,-74.62359E-06,-416.2914E-03,-74.45399E-06
-412.2833E-03,-74.62151E-06,-412.2833E-03,-74.45354E-06
-408.2001E-03,-74.61691E-06,-408.2001E-03,-74.45060E-06
-404.2029E-03,-74.62258E-06,-404.2029E-03,-74.45790E-06
-400.1941E-03,-74.61404E-06,-400.1941E-03,-74.45099E-06
-396.1931E-03,-74.61221E-06,-396.1931E-03,-74.45079E-06
-392.2170E-03,-74.60723E-06,-392.2170E-03,-74.44743E-06
-388.2089E-03,-74.61691E-06,-388.2089E-03,-74.45875E-06
-384.1933E-03,-74.61748E-06,-384.1933E-03,-74.46096E-06
-380.2005E-03,-74.61913E-06,-380.2005E-03,-74.46423E-06
-376.2113E-03,-74.60351E-06,-376.2113E-03,-74.45023E-06
-372.2129E-03,-74.59510E-06,-372.2129E-03,-74.44346E-06
-368.2067E-03,-74.60324E-06,-368.2067E-03,-74.45323E-06
-364.1909E-03,-74.60616E-06,-364.1909E-03,-74.45778E-06
-360.1915E-03,-74.60274E-06,-360.1915E-03,-74.45599E-06
-356.1909E-03,-74.60824E-06,-356.1909E-03,-74.46312E-06
-352.1905E-03,-74.59740E-06,-352.1905E-03,-74.45391E-06
-348.1825E-03,-74.60792E-06,-348.1825E-03,-74.46607E-06
-344.1915E-03,-74.59641E-06,-344.1915E-03,-74.45618E-06
-340.2153E-03,-74.58727E-06,-340.2153E-03,-74.44866E-06
-336.1875E-03,-74.59283E-06,-336.1875E-03,-74.45586E-06
-332.1770E-03,-74.59267E-06,-332.1770E-03,-74.45733E-06
-328.1833E-03,-74.59578E-06,-328.1833E-03,-74.46208E-06
-324.1825E-03,-74.59214E-06,-324.1825E-03,-74.46006E-06
-320.1805E-03,-74.58692E-06,-320.1805E-03,-74.45647E-06
-316.1909E-03,-74.58735E-06,-316.1909E-03,-74.45853E-06
-312.1725E-03,-74.59815E-06,-312.1725E-03,-74.47096E-06
-308.1577E-03,-74.59452E-06,-308.1577E-03,-74.46898E-06
-304.1605E-03,-74.58147E-06,-304.1605E-03,-74.45755E-06
-300.1549E-03,-74.58426E-06,-300.1549E-03,-74.46197E-06
-296.1617E-03,-74.57077E-06,-296.1617E-03,-74.45011E-06
-292.1577E-03,-74.57819E-06,-292.1577E-03,-74.45917E-06
-288.1556E-03,-74.57790E-06,-288.1556E-03,-74.46051E-06
-284.1658E-03,-74.56768E-06,-284.1658E-03,-74.45191E-06
-280.1629E-03,-74.57802E-06,-280.1629E-03,-74.46388E-06
-276.1589E-03,-74.57453E-06,-276.1589E-03,-74.46202E-06
-272.1632E-03,-74.58679E-06,-272.1632E-03,-74.47590E-06
-268.1701E-03,-74.57607E-06,-268.1701E-03,-74.46681E-06
-264.1549E-03,-74.55687E-06,-264.1549E-03,-74.44925E-06
-260.1495E-03,-74.57625E-06,-260.1495E-03,-74.47026E-06
-256.1497E-03,-74.56466E-06,-256.1497E-03,-74.46030E-06
-252.1481E-03,-74.56988E-06,-252.1481E-03,-74.46715E-06
-248.1505E-03,-74.55160E-06,-248.1505E-03,-74.45050E-06
-244.1493E-03,-74.54368E-06,-244.1493E-03,-74.44421E-06
-240.1477E-03,-74.55046E-06,-240.1477E-03,-74.45262E-06
-236.1425E-03,-74.54860E-06,-236.1425E-03,-74.45239E-06
-232.1321E-03,-74.54444E-06,-232.1321E-03,-74.44987E-06
-228.1368E-03,-74.55065E-06,-228.1368E-03,-74.45771E-06
-224.1349E-03,-74.53364E-06,-224.1349E-03,-74.44233E-06
-220.1429E-03,-74.53896E-06,-220.1429E-03,-74.44926E-06
-216.1469E-03,-74.54107E-06,-216.1469E-03,-74.45301E-06
-212.1501E-03,-74.54391E-06,-212.1501E-03,-74.45748E-06
-208.1425E-03,-74.55196E-06,-208.1425E-03,-74.46716E-06
-204.0677E-03,-74.52523E-06,-204.0677E-03,-74.44209E-06
-200.0617E-03,-74.52484E-06,-200.0617E-03,-74.44333E-06
-196.0633E-03,-74.51674E-06,-196.0633E-03,-74.43687E-06
-192.0535E-03,-74.52630E-06,-192.0535E-03,-74.44805E-06
-188.0548E-03,-74.52902E-06,-188.0548E-03,-74.45241E-06
-184.0729E-03,-74.53351E-06,-184.0729E-03,-74.45852E-06
-180.0529E-03,-74.50962E-06,-180.0529E-03,-74.43626E-06
-176.0543E-03,-74.51014E-06,-176.0543E-03,-74.43842E-06
-172.0681E-03,-74.53094E-06,-172.0681E-03,-74.46083E-06
-168.0685E-03,-74.53289E-06,-168.0685E-03,-74.46441E-06
-164.0674E-03,-74.50321E-06,-164.0674E-03,-74.43636E-06
-160.0552E-03,-74.50565E-06,-160.0552E-03,-74.44044E-06
-156.0372E-03,-74.50672E-06,-156.0372E-03,-74.44315E-06
-152.0455E-03,-74.51113E-06,-152.0455E-03,-74.44918E-06
-148.0535E-03,-74.53283E-06,-148.0535E-03,-74.47251E-06
-144.0393E-03,-74.48554E-06,-144.0393E-03,-74.42686E-06
-140.0397E-03,-74.48431E-06,-140.0397E-03,-74.42726E-06
-136.0405E-03,-74.48979E-06,-136.0405E-03,-74.43437E-06
-132.0507E-03,-74.48777E-06,-132.0507E-03,-74.43397E-06
-128.0533E-03,-74.46891E-06,-128.0533E-03,-74.41674E-06
-124.0594E-03,-74.49614E-06,-124.0594E-03,-74.44559E-06
-120.0529E-03,-74.48248E-06,-120.0529E-03,-74.43357E-06
-116.0419E-03,-74.49985E-06,-116.0419E-03,-74.45258E-06
-112.0505E-03,-74.48113E-06,-112.0505E-03,-74.43548E-06
-108.0435E-03,-74.45261E-06,-108.0435E-03,-74.40859E-06
-104.0537E-03,-74.43794E-06,-104.0537E-03,-74.39555E-06
-100.0449E-03,-74.42696E-06,-100.0449E-03,-74.38620E-06
-96.05490E-03,-74.45311E-06,-96.05490E-03,-74.41398E-06
-92.05131E-03,-74.44347E-06,-92.05131E-03,-74.40597E-06
-88.04891E-03,-74.43299E-06,-88.04891E-03,-74.39712E-06
-84.04370E-03,-74.39020E-06,-84.04370E-03,-74.35596E-06
-80.03731E-03,-74.38188E-06,-80.03731E-03,-74.34927E-06
-76.02731E-03,-74.35276E-06,-76.02731E-03,-74.32179E-06
-72.03650E-03,-74.33847E-06,-72.03650E-03,-74.30912E-06
-68.02411E-03,-74.25653E-06,-68.02411E-03,-74.22882E-06
-64.03822E-03,-73.91925E-06,-64.03822E-03,-73.89316E-06
-60.02769E-03,-71.91416E-06,-60.02769E-03,-71.88971E-06
-56.01771E-03,-68.45703E-06,-56.01771E-03,-68.43421E-06
-51.99731E-03,-64.49150E-06,-51.99731E-03,-64.47031E-06
-48.00314E-03,-60.20337E-06,-48.00314E-03,-60.18381E-06
-44.01531E-03,-55.59311E-06,-44.01531E-03,-55.57518E-06
-40.01604E-03,-50.82810E-06,-40.01604E-03,-50.81180E-06
-36.02731E-03,-45.82321E-06,-36.02731E-03,-45.80853E-06
-32.03531E-03,-40.75585E-06,-32.03531E-03,-40.74280E-06
-28.02091E-03,-35.68341E-06,-28.02091E-03,-35.67200E-06
-24.00189E-03,-30.58429E-06,-24.00189E-03,-30.57451E-06
-20.00555E-03,-25.46568E-06,-20.00555E-03,-25.45753E-06
-16.01291E-03,-20.35401E-06,-16.01291E-03,-20.34749E-06
-12.00771E-03,-15.29493E-06,-12.00771E-03,-15.29004E-06
-8.011200E-03,-10.13188E-06,-8.011200E-03,-10.12862E-06
-4.010106E-03,-5.092529E-06,-4.010106E-03,-5.090895E-06
+29.89371E-06,+33.49417E-09,+29.89371E-06,+33.48199E-09
+4.051494E-03,+5.174473E-06,+4.051494E-03,+5.172823E-06
+8.049894E-03,+10.27028E-06,+8.049894E-03,+10.26700E-06
+12.06589E-03,+15.41276E-06,+12.06589E-03,+15.40785E-06
+16.07230E-03,+20.49171E-06,+16.07230E-03,+20.48516E-06
+20.06259E-03,+25.57356E-06,+20.06259E-03,+25.56539E-06
+24.06161E-03,+30.68890E-06,+24.06161E-03,+30.67910E-06
+28.06029E-03,+35.76434E-06,+28.06029E-03,+35.75291E-06
+32.05910E-03,+40.84170E-06,+32.05910E-03,+40.82864E-06
+36.06058E-03,+45.91652E-06,+36.06058E-03,+45.90183E-06
+40.04030E-03,+50.89131E-06,+40.04030E-03,+50.87500E-06
+44.06149E-03,+55.67700E-06,+44.06149E-03,+55.65905E-06
+47.36487E-03,+59.49942E-06,+47.36487E-03,+59.48013E-06
+52.08105E-03,+64.64854E-06,+52.08105E-03,+64.62733E-06
+55.83910E-03,+68.35138E-06,+55.83910E-03,+68.32863E-06
+60.05669E-03,+72.01304E-06,+60.05669E-03,+71.98857E-06
+64.08110E-03,+73.76952E-06,+64.08110E-03,+73.74341E-06
+68.07230E-03,+74.15834E-06,+68.07230E-03,+74.13061E-06
+72.08110E-03,+74.23520E-06,+72.08110E-03,+74.20583E-06
+76.08390E-03,+74.36932E-06,+76.08390E-03,+74.33832E-06
+80.07750E-03,+74.27591E-06,+80.07750E-03,+74.24328E-06
+84.08830E-03,+74.37967E-06,+84.08830E-03,+74.34541E-06
+88.09430E-03,+74.42311E-06,+88.09430E-03,+74.38722E-06
+92.07631E-03,+74.42156E-06,+92.07631E-03,+74.38404E-06
+96.06790E-03,+74.38812E-06,+96.06790E-03,+74.34898E-06
+100.0890E-03,+74.38308E-06,+100.0890E-03,+74.34231E-06
+104.0911E-03,+74.40882E-06,+104.0911E-03,+74.36642E-06
+108.0783E-03,+74.46254E-06,+108.0783E-03,+74.41851E-06
+112.0963E-03,+74.49289E-06,+112.0963E-03,+74.44722E-06
+116.0967E-03,+74.45227E-06,+116.0967E-03,+74.40497E-06
+120.1017E-03,+74.39642E-06,+120.1017E-03,+74.34749E-06
+124.0838E-03,+74.43382E-06,+124.0838E-03,+74.38326E-06
+128.0811E-03,+74.47565E-06,+128.0811E-03,+74.42347E-06
+132.0767E-03,+74.46130E-06,+132.0767E-03,+74.40749E-06
+136.0771E-03,+74.43678E-06,+136.0771E-03,+74.38134E-06
+140.0831E-03,+74.46966E-06,+140.0831E-03,+74.41259E-06
+144.0727E-03,+74.44210E-06,+144.0727E-03,+74.38340E-06
+148.0639E-03,+74.43585E-06,+148.0639E-03,+74.37553E-06
+152.0771E-03,+74.43778E-06,+152.0771E-03,+74.37582E-06
+156.0914E-03,+74.40494E-06,+156.0914E-03,+74.34135E-06
+160.0927E-03,+74.40816E-06,+160.0927E-03,+74.34293E-06
+164.0903E-03,+74.47214E-06,+164.0903E-03,+74.40529E-06
+168.0843E-03,+74.41201E-06,+168.0843E-03,+74.34353E-06
+172.0819E-03,+74.45386E-06,+172.0819E-03,+74.38375E-06
+176.0851E-03,+74.50391E-06,+176.0851E-03,+74.43217E-06
+180.0987E-03,+74.47926E-06,+180.0987E-03,+74.40589E-06
+184.0863E-03,+74.47997E-06,+184.0863E-03,+74.40497E-06
+188.0931E-03,+74.43696E-06,+188.0931E-03,+74.36033E-06
+192.1059E-03,+74.41112E-06,+192.1059E-03,+74.33286E-06
+196.1059E-03,+74.40387E-06,+196.1059E-03,+74.32397E-06
+200.1025E-03,+74.48909E-06,+200.1025E-03,+74.40756E-06
+204.1235E-03,+74.48557E-06,+204.1235E-03,+74.40241E-06
+208.1519E-03,+74.49192E-06,+208.1519E-03,+74.40711E-06
+212.1451E-03,+74.49219E-06,+212.1451E-03,+74.40575E-06
+216.1511E-03,+74.47714E-06,+216.1511E-03,+74.38908E-06
+220.1439E-03,+74.47506E-06,+220.1439E-03,+74.38537E-06
+224.1591E-03,+74.45210E-06,+224.1591E-03,+74.36077E-06
+228.1561E-03,+74.49506E-06,+228.1561E-03,+74.40211E-06
+232.1347E-03,+74.46670E-06,+232.1347E-03,+74.37212E-06
+236.1375E-03,+74.48541E-06,+236.1375E-03,+74.38921E-06
+240.1455E-03,+74.45307E-06,+240.1455E-03,+74.35523E-06
+244.1559E-03,+74.50028E-06,+244.1559E-03,+74.40081E-06
+248.1487E-03,+74.47696E-06,+248.1487E-03,+74.37586E-06
+252.1483E-03,+74.50037E-06,+252.1483E-03,+74.39764E-06
+256.1647E-03,+74.49081E-06,+256.1647E-03,+74.38644E-06
+260.1635E-03,+74.48205E-06,+260.1635E-03,+74.37605E-06
+264.1623E-03,+74.43577E-06,+264.1623E-03,+74.32814E-06
+268.1639E-03,+74.46788E-06,+268.1639E-03,+74.35863E-06
+272.1615E-03,+74.49961E-06,+272.1615E-03,+74.38874E-06
+276.1631E-03,+74.54957E-06,+276.1631E-03,+74.43706E-06
+280.1667E-03,+74.50661E-06,+280.1667E-03,+74.39246E-06
+284.1675E-03,+74.49891E-06,+284.1675E-03,+74.38313E-06
+288.1537E-03,+74.45086E-06,+288.1537E-03,+74.33346E-06
+292.1371E-03,+74.52116E-06,+292.1371E-03,+74.40214E-06
+296.1515E-03,+74.46829E-06,+296.1515E-03,+74.34763E-06
+300.1443E-03,+74.49546E-06,+300.1443E-03,+74.37318E-06
+304.1584E-03,+74.49444E-06,+304.1584E-03,+74.37052E-06
+308.1919E-03,+74.49001E-06,+308.1919E-03,+74.36445E-06
+312.1779E-03,+74.50877E-06,+312.1779E-03,+74.38158E-06
+316.1767E-03,+74.53077E-06,+316.1767E-03,+74.40196E-06
+320.1751E-03,+74.53409E-06,+320.1751E-03,+74.40364E-06
+324.1699E-03,+74.53475E-06,+324.1699E-03,+74.40268E-06
+328.1703E-03,+74.49966E-06,+328.1703E-03,+74.36595E-06
+332.1819E-03,+74.44545E-06,+332.1819E-03,+74.31012E-06
+336.1811E-03,+74.47648E-06,+336.1811E-03,+74.33951E-06
+340.1799E-03,+74.50709E-06,+340.1799E-03,+74.36850E-06
+344.1739E-03,+74.51130E-06,+344.1739E-03,+74.37108E-06
+348.1779E-03,+74.51930E-06,+348.1779E-03,+74.37745E-06
+352.1614E-03,+74.52477E-06,+352.1614E-03,+74.38129E-06
+356.1595E-03,+74.50359E-06,+356.1595E-03,+74.35849E-06
+360.1819E-03,+74.53732E-06,+360.1819E-03,+74.39058E-06
+364.1815E-03,+74.55816E-06,+364.1815E-03,+74.40979E-06
+368.1923E-03,+74.53386E-06,+368.1923E-03,+74.38385E-06
+372.1955E-03,+74.53988E-06,+372.1955E-03,+74.38824E-06
+376.1650E-03,+74.51402E-06,+376.1650E-03,+74.36077E-06
+380.1675E-03,+74.53218E-06,+380.1675E-03,+74.37730E-06
+384.1647E-03,+74.53506E-06,+384.1647E-03,+74.37854E-06
+388.1643E-03,+74.51869E-06,+388.1643E-03,+74.36055E-06
+392.1607E-03,+74.54948E-06,+392.1607E-03,+74.38971E-06
+396.1727E-03,+74.53077E-06,+396.1727E-03,+74.36937E-06
+400.1739E-03,+74.52909E-06,+400.1739E-03,+74.36606E-06
+404.1747E-03,+74.53063E-06,+404.1747E-03,+74.36597E-06
+408.2031E-03,+74.49453E-06,+408.2031E-03,+74.32822E-06
+412.2571E-03,+74.50162E-06,+412.2571E-03,+74.33366E-06
+416.2623E-03,+74.54944E-06,+416.2623E-03,+74.37985E-06
+420.2691E-03,+74.50059E-06,+420.2691E-03,+74.32936E-06
+424.2579E-03,+74.52630E-06,+424.2579E-03,+74.35345E-06
+428.2548E-03,+74.52130E-06,+428.2548E-03,+74.34682E-06
+432.2627E-03,+74.54780E-06,+432.2627E-03,+74.37170E-06
+436.2586E-03,+74.53440E-06,+436.2586E-03,+74.35666E-06
+440.2455E-03,+74.54094E-06,+440.2455E-03,+74.36158E-06
+444.2455E-03,+74.53678E-06,+444.2455E-03,+74.35579E-06
+448.2471E-03,+74.53944E-06,+448.2471E-03,+74.35682E-06
+452.2495E-03,+74.52988E-06,+452.2495E-03,+74.34563E-06
+456.2519E-03,+74.53386E-06,+456.2519E-03,+74.34798E-06
+460.2631E-03,+74.52488E-06,+460.2631E-03,+74.33737E-06
+464.2711E-03,+74.53642E-06,+464.2711E-03,+74.34728E-06
+468.2687E-03,+74.53196E-06,+468.2687E-03,+74.34119E-06
+472.2735E-03,+74.53869E-06,+472.2735E-03,+74.34627E-06
+476.2646E-03,+74.57579E-06,+476.2646E-03,+74.38176E-06
+480.2595E-03,+74.55807E-06,+480.2595E-03,+74.36240E-06
+484.2675E-03,+74.53594E-06,+484.2675E-03,+74.33864E-06
+488.2630E-03,+74.53235E-06,+488.2630E-03,+74.33342E-06
+492.2495E-03,+74.56067E-06,+492.2495E-03,+74.36013E-06
+496.2343E-03,+74.55497E-06,+496.2343E-03,+74.35280E-06
+500.2088E-03,+74.59445E-06,+500.2088E-03,+74.39066E-06

MicroMag 2900/3900 Data File ends
