MicroMag 2900/3900 Data File (Series 0016.002)
Direct moment vs. field; Hysteresis loop

INSTRUMENT
Configuration                   VSM
Temperature control             None
Hardware version                0004
Software version                02/02/2016
Units of measure                Hybrid SI
Temperature in                  Celsius

SAMPLE
Mass                            N/A
Volume                          N/A
Demagnetizing factor            N/A

SETTINGS
Field range                     N/A
Field (command)                 N/A
Moment range                   +100.0000E-06
Averaging time                 +100.0000E-03
Temperature (command)           N/A
Tmprtr difference correction    No
Orientation                     0.000000E+00
Vibration amplitude             1.0
Calibration factor             +4.694038E+00
Operating frequency            +83.00000E+00
Sweep mode                      Continuous
Pause after sweep increment    +300.0000E-03

MEASUREMENT
Description                    ""
Field (measured)                N/A
Temperature (measured)          N/A
Averages (completed)            1
Measured on                     20/4-/3-31  10:43
Elapsed time                   +56.55644E+00

PROCESSING
Background subtraction          No
Delta-m processing              N/A
Demagnetizing factor            No
Normalization                   No
Normalization factor            N/A
Offset (field)                  No
Offset (moment)                 No
Pole saturation                 No
Slope correction               +359.9646E-09

VIEWPORT
Left                           -500.0000E-03
Right                          +500.0000E-03
Bottom                         -100.0000E-06
Top                            +100.0000E-06
Show X-axis?                    Yes
Show Y-axis?                    Yes

CHARACTERIZATION
Initial slope                   N/A
Saturation                     +80.06750E-06
Remanence                      +170.2437E-09
Coercivity                     +124.4263E-06
S*                             +557.6247E-06

SCRIPT
Averages (target)               1
Averaging time                 +100.0000E-03
Demagnetize?                    No
Maximum field                  +500.0000E-03
Field increment                +4.000000E-03
Hysteresis loop?                Yes
Initial magnetization?          No
Pause                          +1.000000E+00
Saturate before measuring?      No
Number of segments              2
Number of data                  502

Segment   Averaging      Initial        Field         Final                    Final 
 Number      Time         Field       Increment       Field         Pause      Index 
             (s)           (T)           (T)           (T)           (s)     
0000001,+100.0000E-03,+500.0000E-03,+4.000000E-03,-500.0000E-03,+1.000000E+00,0000251
0000002,+100.0000E-03,-500.0000E-03,+4.000000E-03,+500.0000E-03,+1.000000E+00,0000502

                               Adjusted      Adjusted  
    Field         Moment        Field         Moment   
     (T)          (Am2)          (T)          (Am2)    
+500.1897E-03,+79.91674E-06,+500.1897E-03,+80.09679E-06
+496.4898E-03,+79.98804E-06,+496.4898E-03,+80.16676E-06
+492.3769E-03,+79.97846E-06,+492.3769E-03,+80.15570E-06
+488.3205E-03,+79.96347E-06,+488.3205E-03,+80.13925E-06
+484.2625E-03,+79.94094E-06,+484.2625E-03,+80.11526E-06
+480.2341E-03,+79.94094E-06,+480.2341E-03,+80.11381E-06
+476.1997E-03,+79.94225E-06,+476.1997E-03,+80.11366E-06
+472.1705E-03,+79.89963E-06,+472.1705E-03,+80.06960E-06
+468.1621E-03,+79.92097E-06,+468.1621E-03,+80.08949E-06
+464.1544E-03,+79.90497E-06,+464.1544E-03,+80.07204E-06
+460.1361E-03,+79.93235E-06,+460.1361E-03,+80.09798E-06
+456.1094E-03,+79.93468E-06,+456.1094E-03,+80.09886E-06
+452.1000E-03,+79.92675E-06,+452.1000E-03,+80.08949E-06
+448.1027E-03,+79.91730E-06,+448.1027E-03,+80.07860E-06
+444.1000E-03,+79.91226E-06,+444.1000E-03,+80.07212E-06
+440.0890E-03,+79.91155E-06,+440.0890E-03,+80.06997E-06
+436.0997E-03,+79.93645E-06,+436.0997E-03,+80.09343E-06
+432.0945E-03,+79.94864E-06,+432.0945E-03,+80.10418E-06
+428.0791E-03,+79.94587E-06,+428.0791E-03,+80.09996E-06
+424.0913E-03,+79.92768E-06,+424.0913E-03,+80.08034E-06
+420.0819E-03,+79.90629E-06,+420.0819E-03,+80.05751E-06
+416.0823E-03,+79.91178E-06,+416.0823E-03,+80.06155E-06
+412.0334E-03,+79.92809E-06,+412.0334E-03,+80.07641E-06
+408.0015E-03,+79.95737E-06,+408.0015E-03,+80.10423E-06
+404.0039E-03,+79.92671E-06,+404.0039E-03,+80.07213E-06
+399.9957E-03,+79.92517E-06,+399.9957E-03,+80.06916E-06
+395.9909E-03,+79.92738E-06,+395.9909E-03,+80.06992E-06
+391.9949E-03,+79.94392E-06,+391.9949E-03,+80.08502E-06
+388.0019E-03,+79.94975E-06,+388.0019E-03,+80.08942E-06
+383.9870E-03,+79.94319E-06,+383.9870E-03,+80.08142E-06
+379.9756E-03,+79.96286E-06,+379.9756E-03,+80.09964E-06
+375.9960E-03,+79.96290E-06,+375.9960E-03,+80.09825E-06
+372.0016E-03,+79.94285E-06,+372.0016E-03,+80.07675E-06
+367.9861E-03,+79.90198E-06,+367.9861E-03,+80.03444E-06
+363.9941E-03,+79.91627E-06,+363.9941E-03,+80.04730E-06
+359.9815E-03,+79.95782E-06,+359.9815E-03,+80.08740E-06
+355.9819E-03,+79.95225E-06,+355.9819E-03,+80.08039E-06
+351.9753E-03,+79.94202E-06,+351.9753E-03,+80.06871E-06
+347.9894E-03,+79.93331E-06,+347.9894E-03,+80.05857E-06
+343.9857E-03,+79.94133E-06,+343.9857E-03,+80.06515E-06
+339.9905E-03,+79.97832E-06,+339.9905E-03,+80.10070E-06
+335.9853E-03,+79.98515E-06,+335.9853E-03,+80.10609E-06
+331.9626E-03,+79.98411E-06,+331.9626E-03,+80.10361E-06
+327.9573E-03,+79.96865E-06,+327.9573E-03,+80.08670E-06
+323.9705E-03,+79.95475E-06,+323.9705E-03,+80.07137E-06
+319.9677E-03,+79.96138E-06,+319.9677E-03,+80.07656E-06
+315.9716E-03,+79.96758E-06,+315.9716E-03,+80.08132E-06
+311.9728E-03,+79.98955E-06,+311.9728E-03,+80.10185E-06
+307.9618E-03,+79.96790E-06,+307.9618E-03,+80.07875E-06
+303.9598E-03,+79.96734E-06,+303.9598E-03,+80.07676E-06
+299.9657E-03,+79.98131E-06,+299.9657E-03,+80.08928E-06
+295.9681E-03,+79.99990E-06,+295.9681E-03,+80.10643E-06
+291.9673E-03,+79.99402E-06,+291.9673E-03,+80.09912E-06
+287.9653E-03,+80.01235E-06,+287.9653E-03,+80.11601E-06
+283.9669E-03,+80.00810E-06,+283.9669E-03,+80.11032E-06
+279.9605E-03,+79.94732E-06,+279.9605E-03,+80.04810E-06
+275.9535E-03,+79.96999E-06,+275.9535E-03,+80.06932E-06
+271.9649E-03,+79.94249E-06,+271.9649E-03,+80.04039E-06
+267.9605E-03,+79.99247E-06,+267.9605E-03,+80.08893E-06
+263.9681E-03,+80.01811E-06,+263.9681E-03,+80.11312E-06
+259.9650E-03,+80.01889E-06,+259.9650E-03,+80.11246E-06
+255.9315E-03,+79.97101E-06,+255.9315E-03,+80.06314E-06
+251.9386E-03,+79.96517E-06,+251.9386E-03,+80.05586E-06
+247.9469E-03,+80.00751E-06,+247.9469E-03,+80.09676E-06
+243.9468E-03,+80.01697E-06,+243.9468E-03,+80.10478E-06
+239.9461E-03,+79.99704E-06,+239.9461E-03,+80.08342E-06
+235.9425E-03,+79.99098E-06,+235.9425E-03,+80.07592E-06
+231.9421E-03,+79.95705E-06,+231.9421E-03,+80.04054E-06
+227.9401E-03,+79.97369E-06,+227.9401E-03,+80.05574E-06
+223.9433E-03,+79.98590E-06,+223.9433E-03,+80.06651E-06
+219.9417E-03,+79.99954E-06,+219.9417E-03,+80.07871E-06
+215.9480E-03,+79.97797E-06,+215.9480E-03,+80.05570E-06
+211.9561E-03,+80.00710E-06,+211.9561E-03,+80.08340E-06
+207.9417E-03,+80.03115E-06,+207.9417E-03,+80.10600E-06
+203.9027E-03,+80.00284E-06,+203.9027E-03,+80.07624E-06
+199.9068E-03,+79.97214E-06,+199.9068E-03,+80.04410E-06
+195.8889E-03,+79.97626E-06,+195.8889E-03,+80.04677E-06
+191.8874E-03,+80.00694E-06,+191.8874E-03,+80.07601E-06
+187.8976E-03,+80.01001E-06,+187.8976E-03,+80.07765E-06
+183.8941E-03,+79.97404E-06,+183.8941E-03,+80.04023E-06
+179.8929E-03,+79.95889E-06,+179.8929E-03,+80.02364E-06
+175.8981E-03,+80.06629E-06,+175.8981E-03,+80.12960E-06
+171.8825E-03,+79.99346E-06,+171.8825E-03,+80.05534E-06
+167.8689E-03,+80.04129E-06,+167.8689E-03,+80.10172E-06
+163.8851E-03,+80.00383E-06,+163.8851E-03,+80.06282E-06
+159.8880E-03,+80.03176E-06,+159.8880E-03,+80.08932E-06
+155.8777E-03,+79.98491E-06,+155.8777E-03,+80.04102E-06
+151.8716E-03,+80.06341E-06,+151.8716E-03,+80.11808E-06
+147.8649E-03,+80.08307E-06,+147.8649E-03,+80.13630E-06
+143.8705E-03,+80.00511E-06,+143.8705E-03,+80.05690E-06
+139.8791E-03,+80.05517E-06,+139.8791E-03,+80.10552E-06
+135.8889E-03,+80.00775E-06,+135.8889E-03,+80.05666E-06
+131.8834E-03,+80.02228E-06,+131.8834E-03,+80.06975E-06
+127.8736E-03,+80.04656E-06,+127.8736E-03,+80.09259E-06
+123.8825E-03,+80.05026E-06,+123.8825E-03,+80.09485E-06
+119.8842E-03,+80.00953E-06,+119.8842E-03,+80.05268E-06
+115.8913E-03,+80.00479E-06,+115.8913E-03,+80.04651E-06
+111.8937E-03,+80.01772E-06,+111.8937E-03,+80.05800E-06
+107.9005E-03,+79.99867E-06,+107.9005E-03,+80.03751E-06
+103.8948E-03,+80.00926E-06,+103.8948E-03,+80.04666E-06
+99.87926E-03,+79.97635E-06,+99.87926E-03,+80.01230E-06
+95.89484E-03,+80.00480E-06,+95.89484E-03,+80.03932E-06
+91.89918E-03,+79.99766E-06,+91.89918E-03,+80.03075E-06
+87.89012E-03,+79.92889E-06,+87.89012E-03,+79.96053E-06
+83.89563E-03,+79.95073E-06,+83.89563E-03,+79.98093E-06
+79.88816E-03,+79.94615E-06,+79.88816E-03,+79.97490E-06
+75.88580E-03,+79.94538E-06,+75.88580E-03,+79.97269E-06
+71.89052E-03,+79.93950E-06,+71.89052E-03,+79.96538E-06
+67.89526E-03,+79.88125E-06,+67.89526E-03,+79.90569E-06
+63.88697E-03,+79.72559E-06,+63.88697E-03,+79.74859E-06
+59.89086E-03,+79.02591E-06,+59.89086E-03,+79.04747E-06
+55.87590E-03,+75.77536E-06,+55.87590E-03,+75.79547E-06
+51.85735E-03,+70.95221E-06,+51.85735E-03,+70.97088E-06
+47.87398E-03,+65.68793E-06,+47.87398E-03,+65.70516E-06
+43.86689E-03,+60.20459E-06,+43.86689E-03,+60.22038E-06
+39.87949E-03,+54.83669E-06,+39.87949E-03,+54.85105E-06
+35.87366E-03,+49.39553E-06,+35.87366E-03,+49.40845E-06
+31.88933E-03,+43.92791E-06,+31.88933E-03,+43.93938E-06
+27.89525E-03,+38.48235E-06,+27.89525E-03,+38.49239E-06
+23.87965E-03,+33.06579E-06,+23.87965E-03,+33.07439E-06
+19.88605E-03,+27.55680E-06,+19.88605E-03,+27.56396E-06
+15.88410E-03,+22.13530E-06,+15.88410E-03,+22.14102E-06
+11.86768E-03,+16.53574E-06,+11.86768E-03,+16.54001E-06
+7.872008E-03,+11.04312E-06,+7.872008E-03,+11.04596E-06
+3.843267E-03,+5.577164E-06,+3.843267E-03,+5.578548E-06
-181.5361E-06,+73.53806E-09,-181.5361E-06,+73.47271E-09
-4.182718E-03,-5.405706E-06,-4.182718E-03,-5.407212E-06
-8.191379E-03,-10.86373E-06,-8.191379E-03,-10.86668E-06
-12.19305E-03,-16.31326E-06,-12.19305E-03,-16.31765E-06
-16.19406E-03,-21.84876E-06,-16.19406E-03,-21.85459E-06
-20.17880E-03,-27.30353E-06,-20.17880E-03,-27.31079E-06
-24.19515E-03,-32.77598E-06,-24.19515E-03,-32.78469E-06
-28.20792E-03,-38.28745E-06,-28.20792E-03,-38.29761E-06
-32.20319E-03,-43.76728E-06,-32.20319E-03,-43.77887E-06
-36.19035E-03,-49.21392E-06,-36.19035E-03,-49.22694E-06
-40.19099E-03,-54.66051E-06,-40.19099E-03,-54.67498E-06
-44.19035E-03,-60.04449E-06,-44.19035E-03,-60.06040E-06
-48.17718E-03,-65.45785E-06,-48.17718E-03,-65.47519E-06
-52.19475E-03,-70.74682E-06,-52.19475E-03,-70.76561E-06
-56.19755E-03,-75.67646E-06,-56.19755E-03,-75.69669E-06
-60.19217E-03,-78.72906E-06,-60.19217E-03,-78.75073E-06
-64.19887E-03,-79.58003E-06,-64.19887E-03,-79.60314E-06
-68.19060E-03,-79.77281E-06,-68.19060E-03,-79.79736E-06
-72.19414E-03,-79.81213E-06,-72.19414E-03,-79.83812E-06
-76.18996E-03,-79.87906E-06,-76.18996E-03,-79.90648E-06
-80.19915E-03,-79.91687E-06,-80.19915E-03,-79.94574E-06
-84.19218E-03,-79.93836E-06,-84.19218E-03,-79.96866E-06
-88.19572E-03,-79.93363E-06,-88.19572E-03,-79.96538E-06
-92.19436E-03,-79.96862E-06,-92.19436E-03,-80.00181E-06
-96.18745E-03,-80.01088E-06,-96.18745E-03,-80.04551E-06
-100.1944E-03,-79.99484E-06,-100.1944E-03,-80.03091E-06
-104.2232E-03,-79.94322E-06,-104.2232E-03,-79.98073E-06
-108.2213E-03,-79.93078E-06,-108.2213E-03,-79.96974E-06
-112.2233E-03,-79.96341E-06,-112.2233E-03,-80.00381E-06
-116.2236E-03,-80.01817E-06,-116.2236E-03,-80.06001E-06
-120.2119E-03,-79.99456E-06,-120.2119E-03,-80.03783E-06
-124.2111E-03,-79.98110E-06,-124.2111E-03,-80.02581E-06
-128.2144E-03,-79.98606E-06,-128.2144E-03,-80.03222E-06
-132.2123E-03,-79.94371E-06,-132.2123E-03,-79.99130E-06
-136.2032E-03,-79.98036E-06,-136.2032E-03,-80.02939E-06
-140.2092E-03,-79.93435E-06,-140.2092E-03,-79.98482E-06
-144.2115E-03,-80.02319E-06,-144.2115E-03,-80.07510E-06
-148.2162E-03,-79.94536E-06,-148.2162E-03,-79.99871E-06
-152.2170E-03,-79.96572E-06,-152.2170E-03,-80.02052E-06
-156.2196E-03,-79.95404E-06,-156.2196E-03,-80.01028E-06
-160.2132E-03,-80.00132E-06,-160.2132E-03,-80.05899E-06
-164.2134E-03,-79.96141E-06,-164.2134E-03,-80.02052E-06
-168.2120E-03,-79.99418E-06,-168.2120E-03,-80.05473E-06
-172.2178E-03,-79.99309E-06,-172.2178E-03,-80.05508E-06
-176.2091E-03,-80.00005E-06,-176.2091E-03,-80.06348E-06
-180.2252E-03,-79.98203E-06,-180.2252E-03,-80.04691E-06
-184.2071E-03,-79.95788E-06,-184.2071E-03,-80.02418E-06
-188.2158E-03,-79.98561E-06,-188.2158E-03,-80.05337E-06
-192.2119E-03,-79.99065E-06,-192.2119E-03,-80.05984E-06
-196.2048E-03,-79.95894E-06,-196.2048E-03,-80.02957E-06
-200.2191E-03,-79.98852E-06,-200.2191E-03,-80.06059E-06
-204.2985E-03,-79.98887E-06,-204.2985E-03,-80.06240E-06
-208.3012E-03,-80.01641E-06,-208.3012E-03,-80.09139E-06
-212.3075E-03,-80.02470E-06,-212.3075E-03,-80.10113E-06
-216.3040E-03,-79.98801E-06,-216.3040E-03,-80.06587E-06
-220.2843E-03,-79.96857E-06,-220.2843E-03,-80.04787E-06
-224.2764E-03,-79.92053E-06,-224.2764E-03,-80.00126E-06
-228.2808E-03,-79.95418E-06,-228.2808E-03,-80.03636E-06
-232.2964E-03,-79.91471E-06,-232.2964E-03,-79.99832E-06
-236.3088E-03,-79.89015E-06,-236.3088E-03,-79.97521E-06
-240.3005E-03,-79.95337E-06,-240.3005E-03,-80.03987E-06
-244.3064E-03,-79.97709E-06,-244.3064E-03,-80.06504E-06
-248.3056E-03,-79.96617E-06,-248.3056E-03,-80.05555E-06
-252.2961E-03,-79.98150E-06,-252.2961E-03,-80.07232E-06
-256.2931E-03,-80.00043E-06,-256.2931E-03,-80.09269E-06
-260.2868E-03,-79.99154E-06,-260.2868E-03,-80.08524E-06
-264.2937E-03,-80.01944E-06,-264.2937E-03,-80.11457E-06
-268.3178E-03,-79.96590E-06,-268.3178E-03,-80.06249E-06
-272.3148E-03,-79.94359E-06,-272.3148E-03,-80.04161E-06
-276.3044E-03,-79.93680E-06,-276.3044E-03,-80.03626E-06
-280.3040E-03,-79.92801E-06,-280.3040E-03,-80.02891E-06
-284.3024E-03,-79.93921E-06,-284.3024E-03,-80.04154E-06
-288.3068E-03,-79.96144E-06,-288.3068E-03,-80.06521E-06
-292.2973E-03,-79.96159E-06,-292.2973E-03,-80.06681E-06
-296.2965E-03,-79.91483E-06,-296.2965E-03,-80.02148E-06
-300.2902E-03,-79.88545E-06,-300.2902E-03,-79.99354E-06
-304.2916E-03,-79.93852E-06,-304.2916E-03,-80.04805E-06
-308.3040E-03,-79.94188E-06,-308.3040E-03,-80.05286E-06
-312.3048E-03,-79.96104E-06,-312.3048E-03,-80.07346E-06
-316.3072E-03,-79.99791E-06,-316.3072E-03,-80.11177E-06
-320.3178E-03,-79.95436E-06,-320.3178E-03,-80.06967E-06
-324.3186E-03,-79.94567E-06,-324.3186E-03,-80.06241E-06
-328.3150E-03,-79.89976E-06,-328.3150E-03,-80.01794E-06
-332.3288E-03,-79.87649E-06,-332.3288E-03,-79.99611E-06
-336.3117E-03,-79.90195E-06,-336.3117E-03,-80.02301E-06
-340.3142E-03,-79.91228E-06,-340.3142E-03,-80.03478E-06
-344.3060E-03,-79.91079E-06,-344.3060E-03,-80.03473E-06
-348.2973E-03,-79.89588E-06,-348.2973E-03,-80.02125E-06
-352.2997E-03,-79.91968E-06,-352.2997E-03,-80.04649E-06
-356.3028E-03,-79.89477E-06,-356.3028E-03,-80.02302E-06
-360.3172E-03,-79.90120E-06,-360.3172E-03,-80.03090E-06
-364.3095E-03,-79.89669E-06,-364.3095E-03,-80.02783E-06
-368.3056E-03,-79.89561E-06,-368.3056E-03,-80.02819E-06
-372.3225E-03,-79.92672E-06,-372.3225E-03,-80.06074E-06
-376.3056E-03,-79.88249E-06,-376.3056E-03,-80.01795E-06
-380.2792E-03,-79.94677E-06,-380.2792E-03,-80.08366E-06
-384.2888E-03,-79.91878E-06,-384.2888E-03,-80.05711E-06
-388.3010E-03,-79.88497E-06,-388.3010E-03,-80.02474E-06
-392.2977E-03,-79.85889E-06,-392.2977E-03,-80.00010E-06
-396.3140E-03,-79.89757E-06,-396.3140E-03,-80.04023E-06
-400.1329E-03,-79.87449E-06,-400.1329E-03,-80.01852E-06
-404.9387E-03,-79.89293E-06,-404.9387E-03,-80.03870E-06
-408.0662E-03,-79.87332E-06,-408.0662E-03,-80.02021E-06
-412.3524E-03,-79.88055E-06,-412.3524E-03,-80.02898E-06
-416.3780E-03,-79.86575E-06,-416.3780E-03,-80.01563E-06
-420.3859E-03,-79.88639E-06,-420.3859E-03,-80.03772E-06
-424.3964E-03,-79.86460E-06,-424.3964E-03,-80.01737E-06
-428.4016E-03,-79.87783E-06,-428.4016E-03,-80.03204E-06
-432.3961E-03,-79.86601E-06,-432.3961E-03,-80.02166E-06
-436.3993E-03,-79.85871E-06,-436.3993E-03,-80.01579E-06
-440.3954E-03,-79.87345E-06,-440.3954E-03,-80.03198E-06
-444.3941E-03,-79.86914E-06,-444.3941E-03,-80.02911E-06
-448.3918E-03,-79.87431E-06,-448.3918E-03,-80.03571E-06
-452.3969E-03,-79.87529E-06,-452.3969E-03,-80.03814E-06
-456.3941E-03,-79.82826E-06,-456.3941E-03,-79.99255E-06
-460.4008E-03,-79.82407E-06,-460.4008E-03,-79.98979E-06
-464.4020E-03,-79.85097E-06,-464.4020E-03,-80.01814E-06
-468.4028E-03,-79.88188E-06,-468.4028E-03,-80.05049E-06
-472.4032E-03,-79.82425E-06,-472.4032E-03,-79.99429E-06
-476.4013E-03,-79.82140E-06,-476.4013E-03,-79.99289E-06
-480.4076E-03,-79.81917E-06,-480.4076E-03,-79.99210E-06
-484.3904E-03,-79.82674E-06,-484.3904E-03,-80.00110E-06
-488.3938E-03,-79.79902E-06,-488.3938E-03,-79.97482E-06
-492.4001E-03,-79.84605E-06,-492.4001E-03,-80.02330E-06
-496.3722E-03,-79.85227E-06,-496.3722E-03,-80.03094E-06
-500.3313E-03,-79.89734E-06,-500.3313E-03,-80.07744E-06

-500.3223E-03,-79.87751E-06,-500.3223E-03,-80.05762E-06
-496.6837E-03,-79.79451E-06,-496.6837E-03,-79.97330E-06
-492.5734E-03,-79.79388E-06,-492.5734E-03,-79.97119E-06
-488.5003E-03,-79.81428E-06,-488.5003E-03,-79.99012E-06
-484.4382E-03,-79.82644E-06,-484.4382E-03,-80.00082E-06
-480.4006E-03,-79.84744E-06,-480.4006E-03,-80.02037E-06
-476.3754E-03,-79.85510E-06,-476.3754E-03,-80.02658E-06
-472.3566E-03,-79.86044E-06,-472.3566E-03,-80.03047E-06
-468.3390E-03,-79.86098E-06,-468.3390E-03,-80.02957E-06
-464.3256E-03,-79.86958E-06,-464.3256E-03,-80.03672E-06
-460.2942E-03,-79.87177E-06,-460.2942E-03,-80.03745E-06
-456.2871E-03,-79.87426E-06,-456.2871E-03,-80.03851E-06
-452.2764E-03,-79.87845E-06,-452.2764E-03,-80.04125E-06
-448.2734E-03,-79.88571E-06,-448.2734E-03,-80.04707E-06
-444.2658E-03,-79.88474E-06,-444.2658E-03,-80.04466E-06
-440.2643E-03,-79.89610E-06,-440.2643E-03,-80.05458E-06
-436.2508E-03,-79.89209E-06,-436.2508E-03,-80.04913E-06
-432.2485E-03,-79.89660E-06,-432.2485E-03,-80.05220E-06
-428.2402E-03,-79.89530E-06,-428.2402E-03,-80.04945E-06
-424.2328E-03,-79.90154E-06,-424.2328E-03,-80.05425E-06
-420.2225E-03,-79.91736E-06,-420.2225E-03,-80.06862E-06
-416.2111E-03,-79.90649E-06,-416.2111E-03,-80.05631E-06
-412.2158E-03,-79.90876E-06,-412.2158E-03,-80.05714E-06
-408.1398E-03,-79.90769E-06,-408.1398E-03,-80.05460E-06
-404.1430E-03,-79.90520E-06,-404.1430E-03,-80.05068E-06
-400.1394E-03,-79.90930E-06,-400.1394E-03,-80.05333E-06
-396.1280E-03,-79.91081E-06,-396.1280E-03,-80.05340E-06
-392.1296E-03,-79.92106E-06,-392.1296E-03,-80.06221E-06
-388.1276E-03,-79.91794E-06,-388.1276E-03,-80.05765E-06
-384.1174E-03,-79.92526E-06,-384.1174E-03,-80.06352E-06
-380.1256E-03,-79.91897E-06,-380.1256E-03,-80.05580E-06
-376.1430E-03,-79.91562E-06,-376.1430E-03,-80.05102E-06
-372.1394E-03,-79.92257E-06,-372.1394E-03,-80.05653E-06
-368.1374E-03,-79.92588E-06,-368.1374E-03,-80.05839E-06
-364.1374E-03,-79.92017E-06,-364.1374E-03,-80.05125E-06
-360.1182E-03,-79.92030E-06,-360.1182E-03,-80.04993E-06
-356.1234E-03,-79.92818E-06,-356.1234E-03,-80.05638E-06
-352.1312E-03,-79.93088E-06,-352.1312E-03,-80.05763E-06
-348.1316E-03,-79.93782E-06,-348.1316E-03,-80.06313E-06
-344.1414E-03,-79.92053E-06,-344.1414E-03,-80.04441E-06
-340.1300E-03,-79.92957E-06,-340.1300E-03,-80.05201E-06
-336.1166E-03,-79.92196E-06,-336.1166E-03,-80.04295E-06
-332.1138E-03,-79.94161E-06,-332.1138E-03,-80.06116E-06
-328.1217E-03,-79.93951E-06,-328.1217E-03,-80.05762E-06
-324.1209E-03,-79.94856E-06,-324.1209E-03,-80.06523E-06
-320.1083E-03,-79.95708E-06,-320.1083E-03,-80.07231E-06
-316.1214E-03,-79.94336E-06,-316.1214E-03,-80.05716E-06
-312.1078E-03,-79.94196E-06,-312.1078E-03,-80.05431E-06
-308.1032E-03,-79.94781E-06,-308.1032E-03,-80.05871E-06
-304.1048E-03,-79.94246E-06,-304.1048E-03,-80.05193E-06
-300.1016E-03,-79.94669E-06,-300.1016E-03,-80.05472E-06
-296.1020E-03,-79.94901E-06,-296.1020E-03,-80.05559E-06
-292.1048E-03,-79.95030E-06,-292.1048E-03,-80.05545E-06
-288.0965E-03,-79.95039E-06,-288.0965E-03,-80.05409E-06
-284.0961E-03,-79.95681E-06,-284.0961E-03,-80.05907E-06
-280.1009E-03,-79.95811E-06,-280.1009E-03,-80.05893E-06
-276.0993E-03,-79.95802E-06,-276.0993E-03,-80.05741E-06
-272.0985E-03,-79.94366E-06,-272.0985E-03,-80.04161E-06
-268.1040E-03,-79.95258E-06,-268.1040E-03,-80.04909E-06
-264.1012E-03,-79.95820E-06,-264.1012E-03,-80.05327E-06
-260.1040E-03,-79.95877E-06,-260.1040E-03,-80.05239E-06
-256.0866E-03,-79.96518E-06,-256.0866E-03,-80.05736E-06
-252.0981E-03,-79.99034E-06,-252.0981E-03,-80.08108E-06
-248.1050E-03,-79.98313E-06,-248.1050E-03,-80.07244E-06
-244.1058E-03,-79.97987E-06,-244.1058E-03,-80.06774E-06
-240.0943E-03,-79.96745E-06,-240.0943E-03,-80.05388E-06
-236.0884E-03,-79.97367E-06,-236.0884E-03,-80.05865E-06
-232.0957E-03,-79.97661E-06,-232.0957E-03,-80.06016E-06
-228.0914E-03,-79.96818E-06,-228.0914E-03,-80.05028E-06
-224.0922E-03,-79.96760E-06,-224.0922E-03,-80.04827E-06
-220.0886E-03,-79.97717E-06,-220.0886E-03,-80.05639E-06
-216.0898E-03,-79.98922E-06,-216.0898E-03,-80.06700E-06
-212.0823E-03,-79.97936E-06,-212.0823E-03,-80.05570E-06
-208.0772E-03,-79.99332E-06,-208.0772E-03,-80.06822E-06
-203.9997E-03,-79.99122E-06,-203.9997E-03,-80.06465E-06
-200.0008E-03,-79.98609E-06,-200.0008E-03,-80.05809E-06
-196.0006E-03,-79.98439E-06,-196.0006E-03,-80.05495E-06
-192.0042E-03,-79.99825E-06,-192.0042E-03,-80.06737E-06
-188.0083E-03,-79.99456E-06,-188.0083E-03,-80.06224E-06
-183.9973E-03,-79.99630E-06,-183.9973E-03,-80.06253E-06
-179.9930E-03,-79.98431E-06,-179.9930E-03,-80.04910E-06
-175.9898E-03,-80.00749E-06,-175.9898E-03,-80.07084E-06
-172.0012E-03,-80.00558E-06,-172.0012E-03,-80.06749E-06
-167.9946E-03,-79.99494E-06,-167.9946E-03,-80.05541E-06
-164.0026E-03,-79.99313E-06,-164.0026E-03,-80.05217E-06
-160.0142E-03,-79.97642E-06,-160.0142E-03,-80.03402E-06
-156.0020E-03,-80.01475E-06,-156.0020E-03,-80.07091E-06
-152.0000E-03,-80.00486E-06,-152.0000E-03,-80.05957E-06
-148.0000E-03,-79.98160E-06,-148.0000E-03,-80.03487E-06
-144.0134E-03,-79.98128E-06,-144.0134E-03,-80.03313E-06
-140.0018E-03,-79.98448E-06,-140.0018E-03,-80.03487E-06
-136.0083E-03,-79.98444E-06,-136.0083E-03,-80.03340E-06
-132.0110E-03,-80.01011E-06,-132.0110E-03,-80.05763E-06
-128.0002E-03,-79.99675E-06,-128.0002E-03,-80.04283E-06
-123.9958E-03,-80.01256E-06,-123.9958E-03,-80.05719E-06
-120.0079E-03,-79.97687E-06,-120.0079E-03,-80.02007E-06
-116.0044E-03,-80.02594E-06,-116.0044E-03,-80.06770E-06
-112.0024E-03,-80.02389E-06,-112.0024E-03,-80.06421E-06
-108.0022E-03,-79.98874E-06,-108.0022E-03,-80.02762E-06
-103.9926E-03,-79.98371E-06,-103.9926E-03,-80.02115E-06
-99.98901E-03,-79.93390E-06,-99.98901E-03,-79.96990E-06
-95.99689E-03,-79.95106E-06,-95.99689E-03,-79.98561E-06
-91.99768E-03,-79.94585E-06,-91.99768E-03,-79.97896E-06
-88.00791E-03,-79.96507E-06,-88.00791E-03,-79.99675E-06
-84.00200E-03,-79.96328E-06,-84.00200E-03,-79.99352E-06
-80.00416E-03,-79.98222E-06,-80.00416E-03,-80.01102E-06
-76.00240E-03,-79.93029E-06,-76.00240E-03,-79.95765E-06
-71.99197E-03,-79.87039E-06,-71.99197E-03,-79.89631E-06
-67.97917E-03,-79.85652E-06,-67.97917E-03,-79.88099E-06
-63.98522E-03,-79.72673E-06,-63.98522E-03,-79.74977E-06
-59.98657E-03,-78.93844E-06,-59.98657E-03,-78.96003E-06
-55.98941E-03,-75.58955E-06,-55.98941E-03,-75.60970E-06
-51.98153E-03,-70.76224E-06,-51.98153E-03,-70.78095E-06
-47.98390E-03,-65.46272E-06,-47.98390E-03,-65.48000E-06
-43.98468E-03,-60.07566E-06,-43.98468E-03,-60.09149E-06
-39.97405E-03,-54.65088E-06,-39.97405E-03,-54.66527E-06
-35.97917E-03,-49.22807E-06,-35.97917E-03,-49.24102E-06
-31.99728E-03,-43.72743E-06,-31.99728E-03,-43.73895E-06
-27.98456E-03,-38.22130E-06,-27.98456E-03,-38.23137E-06
-23.99296E-03,-32.78739E-06,-23.99296E-03,-32.79603E-06
-19.98586E-03,-27.33102E-06,-19.98586E-03,-27.33821E-06
-15.97759E-03,-21.86194E-06,-15.97759E-03,-21.86769E-06
-11.97456E-03,-16.34624E-06,-11.97456E-03,-16.35055E-06
-7.978773E-03,-10.84880E-06,-7.978773E-03,-10.85167E-06
-3.963812E-03,-5.440072E-06,-3.963812E-03,-5.441499E-06
+78.23878E-06,+88.29629E-09,+78.23878E-06,+88.32446E-09
+4.089338E-03,+5.579705E-06,+4.089338E-03,+5.581177E-06
+8.098000E-03,+11.06100E-06,+8.098000E-03,+11.06391E-06
+12.10115E-03,+16.55014E-06,+12.10115E-03,+16.55450E-06
+16.09944E-03,+22.10102E-06,+16.09944E-03,+22.10682E-06
+20.09328E-03,+27.53060E-06,+20.09328E-03,+27.53783E-06
+24.10706E-03,+33.05161E-06,+24.10706E-03,+33.06029E-06
+28.10509E-03,+38.46890E-06,+28.10509E-03,+38.47901E-06
+32.10627E-03,+43.95831E-06,+32.10627E-03,+43.96986E-06
+36.08542E-03,+49.43138E-06,+36.08542E-03,+49.44437E-06
+40.07162E-03,+54.85189E-06,+40.07162E-03,+54.86632E-06
+44.07714E-03,+60.30279E-06,+44.07714E-03,+60.31865E-06
+48.09784E-03,+65.62303E-06,+48.09784E-03,+65.64034E-06
+52.10264E-03,+70.95680E-06,+52.10264E-03,+70.97555E-06
+56.09624E-03,+75.84974E-06,+56.09624E-03,+75.86993E-06
+60.10104E-03,+78.84589E-06,+60.10104E-03,+78.86752E-06
+64.09919E-03,+79.66386E-06,+64.09919E-03,+79.68693E-06
+68.09111E-03,+79.80630E-06,+68.09111E-03,+79.83082E-06
+72.09554E-03,+79.87715E-06,+72.09554E-03,+79.90310E-06
+76.11258E-03,+79.94667E-06,+76.11258E-03,+79.97407E-06
+80.11504E-03,+79.98523E-06,+80.11504E-03,+80.01407E-06
+84.11493E-03,+79.94971E-06,+84.11493E-03,+79.97998E-06
+88.11905E-03,+79.95230E-06,+88.11905E-03,+79.98403E-06
+92.11415E-03,+79.96192E-06,+92.11415E-03,+79.99507E-06
+96.12045E-03,+80.00631E-06,+96.12045E-03,+80.04091E-06
+100.1128E-03,+80.01394E-06,+100.1128E-03,+80.04998E-06
+104.1043E-03,+79.99040E-06,+104.1043E-03,+80.02787E-06
+108.1043E-03,+80.00645E-06,+108.1043E-03,+80.04536E-06
+112.1082E-03,+80.01956E-06,+112.1082E-03,+80.05991E-06
+116.1149E-03,+80.01363E-06,+116.1149E-03,+80.05543E-06
+120.1082E-03,+79.96651E-06,+120.1082E-03,+80.00975E-06
+124.1063E-03,+79.98768E-06,+124.1063E-03,+80.03235E-06
+128.1087E-03,+79.93777E-06,+128.1087E-03,+79.98388E-06
+132.0976E-03,+79.99170E-06,+132.0976E-03,+80.03924E-06
+136.0984E-03,+79.99553E-06,+136.0984E-03,+80.04452E-06
+140.1132E-03,+80.03411E-06,+140.1132E-03,+80.08454E-06
+144.1135E-03,+80.03879E-06,+144.1135E-03,+80.09067E-06
+148.1081E-03,+79.99781E-06,+148.1081E-03,+80.05112E-06
+152.1149E-03,+79.93984E-06,+152.1149E-03,+79.99460E-06
+156.1414E-03,+80.00325E-06,+156.1414E-03,+80.05946E-06
+160.1092E-03,+80.02976E-06,+160.1092E-03,+80.08739E-06
+164.1061E-03,+80.02297E-06,+164.1061E-03,+80.08204E-06
+168.0917E-03,+79.94547E-06,+168.0917E-03,+80.00598E-06
+172.0897E-03,+80.00132E-06,+172.0897E-03,+80.06327E-06
+176.0913E-03,+79.96709E-06,+176.0913E-03,+80.03048E-06
+180.1098E-03,+79.97894E-06,+180.1098E-03,+80.04378E-06
+184.1215E-03,+80.01203E-06,+184.1215E-03,+80.07831E-06
+188.1139E-03,+80.04487E-06,+188.1139E-03,+80.11259E-06
+192.1203E-03,+80.04533E-06,+192.1203E-03,+80.11449E-06
+196.1235E-03,+79.96919E-06,+196.1235E-03,+80.03979E-06
+200.1231E-03,+79.95986E-06,+200.1231E-03,+80.03190E-06
+204.1504E-03,+80.02633E-06,+204.1504E-03,+80.09982E-06
+208.1598E-03,+79.97426E-06,+208.1598E-03,+80.04919E-06
+212.1587E-03,+79.96709E-06,+212.1587E-03,+80.04346E-06
+216.1698E-03,+79.98645E-06,+216.1698E-03,+80.06427E-06
+220.1547E-03,+79.99251E-06,+220.1547E-03,+80.07176E-06
+224.1563E-03,+80.00266E-06,+224.1563E-03,+80.08335E-06
+228.1631E-03,+80.00963E-06,+228.1631E-03,+80.09176E-06
+232.1579E-03,+79.98964E-06,+232.1579E-03,+80.07322E-06
+236.1524E-03,+79.99971E-06,+236.1524E-03,+80.08472E-06
+240.1539E-03,+79.94771E-06,+240.1539E-03,+80.03415E-06
+244.1626E-03,+79.93305E-06,+244.1626E-03,+80.02094E-06
+248.1663E-03,+79.90037E-06,+248.1663E-03,+79.98970E-06
+252.1620E-03,+79.93109E-06,+252.1620E-03,+80.02185E-06
+256.1610E-03,+79.99998E-06,+256.1610E-03,+80.09219E-06
+260.1661E-03,+79.99245E-06,+260.1661E-03,+80.08610E-06
+264.1606E-03,+79.91895E-06,+264.1606E-03,+80.01404E-06
+268.1751E-03,+79.93921E-06,+268.1751E-03,+80.03574E-06
+272.1681E-03,+79.92617E-06,+272.1681E-03,+80.02414E-06
+276.1642E-03,+79.97636E-06,+276.1642E-03,+80.07577E-06
+280.1771E-03,+79.94680E-06,+280.1771E-03,+80.04766E-06
+284.1766E-03,+79.95471E-06,+284.1766E-03,+80.05700E-06
+288.1681E-03,+79.93954E-06,+288.1681E-03,+80.04328E-06
+292.1759E-03,+79.94854E-06,+292.1759E-03,+80.05371E-06
+296.1705E-03,+79.93646E-06,+296.1705E-03,+80.04307E-06
+300.9810E-03,+79.94877E-06,+300.9810E-03,+80.05711E-06
+303.8455E-03,+79.91421E-06,+303.8455E-03,+80.02359E-06
+308.1551E-03,+79.95556E-06,+308.1551E-03,+80.06649E-06
+312.1779E-03,+79.95604E-06,+312.1779E-03,+80.06841E-06
+316.1850E-03,+79.93147E-06,+316.1850E-03,+80.04529E-06
+320.1882E-03,+79.93451E-06,+320.1882E-03,+80.04977E-06
+324.1921E-03,+79.95550E-06,+324.1921E-03,+80.07220E-06
+328.1955E-03,+79.95280E-06,+328.1955E-03,+80.07094E-06
+332.2035E-03,+79.94044E-06,+332.2035E-03,+80.06002E-06
+336.1863E-03,+79.97541E-06,+336.1863E-03,+80.09642E-06
+340.1835E-03,+79.93024E-06,+340.1835E-03,+80.05270E-06
+344.1720E-03,+79.89872E-06,+344.1720E-03,+80.02260E-06
+348.1638E-03,+79.89884E-06,+348.1638E-03,+80.02417E-06
+352.1626E-03,+79.90322E-06,+352.1626E-03,+80.02999E-06
+356.1756E-03,+79.90451E-06,+356.1756E-03,+80.03272E-06
+360.1891E-03,+79.92155E-06,+360.1891E-03,+80.05121E-06
+364.1909E-03,+79.90505E-06,+364.1909E-03,+80.03614E-06
+368.1968E-03,+79.90692E-06,+368.1968E-03,+80.03946E-06
+372.1972E-03,+79.88949E-06,+372.1972E-03,+80.02347E-06
+376.1839E-03,+79.89551E-06,+376.1839E-03,+80.03092E-06
+380.1925E-03,+79.88681E-06,+380.1925E-03,+80.02366E-06
+384.1855E-03,+79.92208E-06,+384.1855E-03,+80.06037E-06
+388.1788E-03,+79.93933E-06,+388.1788E-03,+80.07906E-06
+392.1882E-03,+79.88485E-06,+392.1882E-03,+80.02602E-06
+396.1923E-03,+79.88822E-06,+396.1923E-03,+80.03083E-06
+400.1911E-03,+79.86942E-06,+400.1911E-03,+80.01347E-06
+404.1965E-03,+79.86118E-06,+404.1965E-03,+80.00668E-06
+408.2111E-03,+79.86290E-06,+408.2111E-03,+80.00984E-06
+412.2543E-03,+79.87613E-06,+412.2543E-03,+80.02453E-06
+416.2575E-03,+79.88409E-06,+416.2575E-03,+80.03393E-06
+420.2607E-03,+79.86793E-06,+420.2607E-03,+80.01921E-06
+424.2547E-03,+79.84095E-06,+424.2547E-03,+79.99366E-06
+428.2488E-03,+79.86118E-06,+428.2488E-03,+80.01534E-06
+432.2595E-03,+79.84910E-06,+432.2595E-03,+80.00470E-06
+436.2618E-03,+79.83163E-06,+436.2618E-03,+79.98867E-06
+440.2599E-03,+79.83355E-06,+440.2599E-03,+79.99203E-06
+444.2563E-03,+79.81915E-06,+444.2563E-03,+79.97907E-06
+448.2591E-03,+79.82717E-06,+448.2591E-03,+79.98853E-06
+452.2403E-03,+79.83487E-06,+452.2403E-03,+79.99766E-06
+456.2546E-03,+79.84570E-06,+456.2546E-03,+80.00993E-06
+460.2799E-03,+79.83355E-06,+460.2799E-03,+79.99923E-06
+464.2575E-03,+79.82543E-06,+464.2575E-03,+79.99255E-06
+468.2567E-03,+79.86205E-06,+468.2567E-03,+80.03060E-06
+472.2628E-03,+79.81828E-06,+472.2628E-03,+79.98828E-06
+476.2657E-03,+79.82690E-06,+476.2657E-03,+79.99833E-06
+480.2471E-03,+79.82396E-06,+480.2471E-03,+79.99683E-06
+484.2606E-03,+79.82664E-06,+484.2606E-03,+80.00096E-06
+488.2567E-03,+79.81585E-06,+488.2567E-03,+79.99161E-06
+492.2527E-03,+79.82345E-06,+492.2527E-03,+80.00065E-06
+496.2404E-03,+79.83305E-06,+496.2404E-03,+80.01168E-06
+500.2043E-03,+79.87847E-06,+500.2043E-03,+80.05853E-06

MicroMag 2900/3900 Data File ends
