MicroMag 2900/3900 Data File (Series 0016.002)
Direct moment vs. field; Hysteresis loop

INSTRUMENT
Configuration                   VSM
Temperature control             None
Hardware version                0004
Software version                02/02/2016
Units of measure                Hybrid SI
Temperature in                  Celsius

SAMPLE
Mass                            N/A
Volume                          N/A
Demagnetizing factor            N/A

SETTINGS
Field range                     N/A
Field (command)                 N/A
Moment range                   +100.0000E-06
Averaging time                 +100.0000E-03
Temperature (command)           N/A
Tmprtr difference correction    No
Orientation                     0.000000E+00
Vibration amplitude             1.0
Calibration factor             +4.932766E+00
Operating frequency            +83.00000E+00
Sweep mode                      Continuous
Pause after sweep increment    +300.0000E-03

MEASUREMENT
Description                    ""
Field (measured)                N/A
Temperature (measured)          N/A
Averages (completed)            1
Measured on                     20/4-/3-25  14:10
Elapsed time                   +56.60365E+00

PROCESSING
Background subtraction          No
Delta-m processing              N/A
Demagnetizing factor            No
Normalization                   No
Normalization factor            N/A
Offset (field)                  No
Offset (moment)                 No
Pole saturation                 No
Slope correction               +290.1058E-09

VIEWPORT
Left                           -500.0000E-03
Right                          +500.0000E-03
Bottom                         -100.0000E-06
Top                            +100.0000E-06
Show X-axis?                    Yes
Show Y-axis?                    Yes

CHARACTERIZATION
Initial slope                   N/A
Saturation                     +76.10892E-06
Remanence                      +176.6970E-09
Coercivity                     +136.4262E-06
S*                             -381.4222E-06

SCRIPT
Averages (target)               1
Averaging time                 +100.0000E-03
Demagnetize?                    No
Maximum field                  +500.0000E-03
Field increment                +4.000000E-03
Hysteresis loop?                Yes
Initial magnetization?          No
Pause                          +1.000000E+00
Saturate before measuring?      No
Number of segments              2
Number of data                  502

Segment   Averaging      Initial        Field         Final                    Final 
 Number      Time         Field       Increment       Field         Pause      Index 
             (s)           (T)           (T)           (T)           (s)     
0000001,+100.0000E-03,+500.0000E-03,+4.000000E-03,-500.0000E-03,+1.000000E+00,0000251
0000002,+100.0000E-03,-500.0000E-03,+4.000000E-03,+500.0000E-03,+1.000000E+00,0000502

                               Adjusted      Adjusted  
    Field         Moment        Field         Moment   
     (T)          (Am2)          (T)          (Am2)    
+500.2438E-03,+76.13267E-06,+500.2438E-03,+76.27780E-06
+496.5136E-03,+76.05484E-06,+496.5136E-03,+76.19888E-06
+492.4031E-03,+76.03405E-06,+492.4031E-03,+76.17690E-06
+488.3485E-03,+76.02452E-06,+488.3485E-03,+76.16619E-06
+484.3009E-03,+76.02946E-06,+484.3009E-03,+76.16996E-06
+480.2457E-03,+76.01919E-06,+480.2457E-03,+76.15851E-06
+476.1053E-03,+76.03066E-06,+476.1053E-03,+76.16878E-06
+472.2225E-03,+76.03492E-06,+472.2225E-03,+76.17191E-06
+468.1989E-03,+76.00915E-06,+468.1989E-03,+76.14498E-06
+464.1817E-03,+76.03070E-06,+464.1817E-03,+76.16536E-06
+460.1461E-03,+76.01234E-06,+460.1461E-03,+76.14583E-06
+456.1499E-03,+76.02684E-06,+456.1499E-03,+76.15918E-06
+452.1545E-03,+76.02401E-06,+452.1545E-03,+76.15519E-06
+448.1309E-03,+76.00131E-06,+448.1309E-03,+76.13131E-06
+444.1205E-03,+76.02798E-06,+444.1205E-03,+76.15682E-06
+440.1197E-03,+76.04366E-06,+440.1197E-03,+76.17134E-06
+436.1305E-03,+76.00488E-06,+436.1305E-03,+76.13140E-06
+432.1109E-03,+75.98295E-06,+432.1109E-03,+76.10831E-06
+428.1013E-03,+76.00147E-06,+428.1013E-03,+76.12567E-06
+424.1005E-03,+76.00385E-06,+424.1005E-03,+76.12688E-06
+420.1093E-03,+76.01893E-06,+420.1093E-03,+76.14081E-06
+416.0897E-03,+76.02538E-06,+416.0897E-03,+76.14609E-06
+412.0596E-03,+76.00956E-06,+412.0596E-03,+76.12910E-06
+408.0405E-03,+76.02195E-06,+408.0405E-03,+76.14032E-06
+404.0401E-03,+76.00337E-06,+404.0401E-03,+76.12059E-06
+400.0329E-03,+76.00182E-06,+400.0329E-03,+76.11787E-06
+396.0190E-03,+76.02415E-06,+396.0190E-03,+76.13903E-06
+392.0220E-03,+76.03596E-06,+392.0220E-03,+76.14969E-06
+388.0198E-03,+76.03644E-06,+388.0198E-03,+76.14901E-06
+384.0017E-03,+76.02100E-06,+384.0017E-03,+76.13240E-06
+380.0037E-03,+76.02441E-06,+380.0037E-03,+76.13465E-06
+376.0185E-03,+76.02708E-06,+376.0185E-03,+76.13617E-06
+372.0169E-03,+76.02161E-06,+372.0169E-03,+76.12953E-06
+368.0216E-03,+76.01998E-06,+368.0216E-03,+76.12675E-06
+364.0170E-03,+76.01461E-06,+364.0170E-03,+76.12022E-06
+360.0021E-03,+76.00924E-06,+360.0021E-03,+76.11368E-06
+356.0005E-03,+76.01518E-06,+356.0005E-03,+76.11846E-06
+351.9908E-03,+76.03321E-06,+351.9908E-03,+76.13533E-06
+347.9857E-03,+76.03726E-06,+347.9857E-03,+76.13821E-06
+343.9981E-03,+76.03721E-06,+343.9981E-03,+76.13700E-06
+340.0073E-03,+76.02755E-06,+340.0073E-03,+76.12619E-06
+336.0069E-03,+76.02342E-06,+336.0069E-03,+76.12089E-06
+331.9970E-03,+76.02715E-06,+331.9970E-03,+76.12346E-06
+327.9829E-03,+76.00631E-06,+327.9829E-03,+76.10146E-06
+323.9881E-03,+76.00488E-06,+323.9881E-03,+76.09887E-06
+320.0003E-03,+76.04083E-06,+320.0003E-03,+76.13366E-06
+316.0141E-03,+76.04234E-06,+316.0141E-03,+76.13401E-06
+312.0053E-03,+76.03091E-06,+312.0053E-03,+76.12143E-06
+307.9906E-03,+76.02962E-06,+307.9906E-03,+76.11897E-06
+303.9887E-03,+76.03054E-06,+303.9887E-03,+76.11873E-06
+299.9718E-03,+76.02654E-06,+299.9718E-03,+76.11356E-06
+295.9576E-03,+76.03084E-06,+295.9576E-03,+76.11670E-06
+291.9604E-03,+76.04074E-06,+291.9604E-03,+76.12544E-06
+287.9842E-03,+76.04643E-06,+287.9842E-03,+76.12997E-06
+284.0013E-03,+76.02816E-06,+284.0013E-03,+76.11055E-06
+279.9953E-03,+76.04634E-06,+279.9953E-03,+76.12757E-06
+275.9869E-03,+76.03492E-06,+275.9869E-03,+76.11499E-06
+271.9813E-03,+76.06164E-06,+271.9813E-03,+76.14054E-06
+267.9773E-03,+76.06329E-06,+267.9773E-03,+76.14103E-06
+263.9841E-03,+76.06070E-06,+263.9841E-03,+76.13729E-06
+259.9805E-03,+76.03846E-06,+259.9805E-03,+76.11388E-06
+255.9660E-03,+76.05743E-06,+255.9660E-03,+76.13169E-06
+251.9667E-03,+76.03640E-06,+251.9667E-03,+76.10949E-06
+247.9429E-03,+76.03032E-06,+247.9429E-03,+76.10225E-06
+243.9600E-03,+76.04665E-06,+243.9600E-03,+76.11742E-06
+239.9705E-03,+76.03881E-06,+239.9705E-03,+76.10842E-06
+235.9608E-03,+76.07054E-06,+235.9608E-03,+76.13900E-06
+231.9519E-03,+76.06921E-06,+231.9519E-03,+76.13649E-06
+227.9543E-03,+76.02754E-06,+227.9543E-03,+76.09367E-06
+223.9704E-03,+76.06795E-06,+223.9704E-03,+76.13292E-06
+219.9757E-03,+76.05655E-06,+219.9757E-03,+76.12037E-06
+215.9741E-03,+76.06390E-06,+215.9741E-03,+76.12655E-06
+211.9761E-03,+76.02513E-06,+211.9761E-03,+76.08662E-06
+207.9545E-03,+76.03712E-06,+207.9545E-03,+76.09745E-06
+203.9137E-03,+76.07004E-06,+203.9137E-03,+76.12920E-06
+199.9041E-03,+76.06310E-06,+199.9041E-03,+76.12110E-06
+195.9077E-03,+76.04936E-06,+195.9077E-03,+76.10619E-06
+191.9073E-03,+76.04557E-06,+191.9073E-03,+76.10125E-06
+187.9027E-03,+76.05791E-06,+187.9027E-03,+76.11242E-06
+183.9105E-03,+76.10780E-06,+183.9105E-03,+76.16115E-06
+179.8985E-03,+76.08418E-06,+179.8985E-03,+76.13637E-06
+175.9055E-03,+76.00135E-06,+175.9055E-03,+76.05238E-06
+171.9069E-03,+76.04867E-06,+171.9069E-03,+76.09854E-06
+167.9133E-03,+76.06224E-06,+167.9133E-03,+76.11095E-06
+163.9097E-03,+76.06277E-06,+163.9097E-03,+76.11031E-06
+159.9085E-03,+76.04195E-06,+159.9085E-03,+76.08834E-06
+155.9065E-03,+76.05746E-06,+155.9065E-03,+76.10269E-06
+151.8933E-03,+76.07022E-06,+151.8933E-03,+76.11428E-06
+147.8801E-03,+76.03767E-06,+147.8801E-03,+76.08057E-06
+143.8882E-03,+76.04804E-06,+143.8882E-03,+76.08978E-06
+139.8937E-03,+76.04595E-06,+139.8937E-03,+76.08654E-06
+135.8849E-03,+76.03143E-06,+135.8849E-03,+76.07085E-06
+131.8841E-03,+76.00213E-06,+131.8841E-03,+76.04039E-06
+127.8845E-03,+76.01829E-06,+127.8845E-03,+76.05539E-06
+123.8991E-03,+76.06103E-06,+123.8991E-03,+76.09698E-06
+119.9109E-03,+75.98550E-06,+119.9109E-03,+76.02028E-06
+115.9073E-03,+76.02720E-06,+115.9073E-03,+76.06082E-06
+111.9029E-03,+76.01213E-06,+111.9029E-03,+76.04459E-06
+107.9069E-03,+76.00312E-06,+107.9069E-03,+76.03442E-06
+103.9041E-03,+76.06790E-06,+103.9041E-03,+76.09804E-06
+99.88090E-03,+76.06806E-06,+99.88090E-03,+76.09704E-06
+95.87409E-03,+75.98506E-06,+95.87409E-03,+76.01288E-06
+91.89159E-03,+75.98173E-06,+91.89159E-03,+76.00839E-06
+87.88849E-03,+75.98230E-06,+87.88849E-03,+76.00780E-06
+83.88250E-03,+75.95554E-06,+83.88250E-03,+75.97988E-06
+79.87529E-03,+75.96688E-06,+79.87529E-03,+75.99005E-06
+75.86929E-03,+75.94826E-06,+75.86929E-03,+75.97027E-06
+71.87410E-03,+75.84884E-06,+71.87410E-03,+75.86969E-06
+67.87889E-03,+75.74567E-06,+67.87889E-03,+75.76535E-06
+63.86650E-03,+74.74922E-06,+63.86650E-03,+74.76774E-06
+59.87290E-03,+71.86623E-06,+59.87290E-03,+71.88359E-06
+55.87490E-03,+68.19933E-06,+55.87490E-03,+68.21554E-06
+51.87650E-03,+64.28549E-06,+51.87650E-03,+64.30054E-06
+47.86810E-03,+60.16145E-06,+47.86810E-03,+60.17533E-06
+43.85690E-03,+55.83675E-06,+43.85690E-03,+55.84947E-06
+39.85770E-03,+51.39061E-06,+39.85770E-03,+51.40217E-06
+35.85249E-03,+46.64068E-06,+35.85249E-03,+46.65108E-06
+31.87129E-03,+41.63726E-06,+31.87129E-03,+41.64651E-06
+27.88409E-03,+36.51970E-06,+27.88409E-03,+36.52779E-06
+23.86809E-03,+31.38312E-06,+23.86809E-03,+31.39005E-06
+19.85529E-03,+26.08141E-06,+19.85529E-03,+26.08717E-06
+15.86409E-03,+20.84817E-06,+15.86409E-03,+20.85277E-06
+11.87164E-03,+15.73687E-06,+11.87164E-03,+15.74032E-06
+7.885692E-03,+10.55179E-06,+7.885692E-03,+10.55408E-06
+3.860091E-03,+5.363629E-06,+3.860091E-03,+5.364750E-06
-193.9090E-06,+113.1965E-09,-193.9090E-06,+113.1403E-09
-4.183109E-03,-5.047598E-06,-4.183109E-03,-5.048812E-06
-8.194709E-03,-10.31876E-06,-8.194709E-03,-10.32114E-06
-12.19591E-03,-15.50171E-06,-12.19591E-03,-15.50524E-06
-16.20498E-03,-20.71893E-06,-16.20498E-03,-20.72363E-06
-20.19208E-03,-25.87575E-06,-20.19208E-03,-25.88160E-06
-24.18311E-03,-31.12393E-06,-24.18311E-03,-31.13095E-06
-28.19391E-03,-36.34907E-06,-28.19391E-03,-36.35725E-06
-32.18591E-03,-41.37067E-06,-32.18591E-03,-41.38000E-06
-36.19151E-03,-46.39864E-06,-36.19151E-03,-46.40914E-06
-40.20551E-03,-51.26932E-06,-40.20551E-03,-51.28098E-06
-44.20511E-03,-55.68547E-06,-44.20511E-03,-55.69829E-06
-48.20031E-03,-60.02792E-06,-48.20031E-03,-60.04191E-06
-52.21511E-03,-64.12560E-06,-52.21511E-03,-64.14075E-06
-56.19791E-03,-68.02551E-06,-56.19791E-03,-68.04182E-06
-60.19871E-03,-71.80774E-06,-60.19871E-03,-71.82520E-06
-64.21556E-03,-74.68380E-06,-64.21556E-03,-74.70243E-06
-68.22392E-03,-75.61706E-06,-68.22392E-03,-75.63685E-06
-72.21072E-03,-75.83814E-06,-72.21072E-03,-75.85908E-06
-76.22831E-03,-75.90532E-06,-76.22831E-03,-75.92743E-06
-80.22352E-03,-75.94712E-06,-80.22352E-03,-75.97040E-06
-84.22033E-03,-75.90342E-06,-84.22033E-03,-75.92786E-06
-88.20952E-03,-75.92256E-06,-88.20952E-03,-75.94815E-06
-92.21392E-03,-75.96082E-06,-92.21392E-03,-75.98758E-06
-96.19792E-03,-76.06913E-06,-96.19792E-03,-76.09704E-06
-100.2164E-03,-76.04656E-06,-100.2164E-03,-76.07564E-06
-104.2312E-03,-76.00422E-06,-104.2312E-03,-76.03446E-06
-108.2195E-03,-76.01677E-06,-108.2195E-03,-76.04816E-06
-112.2300E-03,-76.03480E-06,-112.2300E-03,-76.06736E-06
-116.2195E-03,-75.99646E-06,-116.2195E-03,-76.03018E-06
-120.2251E-03,-75.94589E-06,-120.2251E-03,-75.98077E-06
-124.2299E-03,-75.95182E-06,-124.2299E-03,-75.98785E-06
-128.2339E-03,-75.96974E-06,-128.2339E-03,-76.00695E-06
-132.2211E-03,-76.02727E-06,-132.2211E-03,-76.06563E-06
-136.2191E-03,-76.03972E-06,-136.2191E-03,-76.07924E-06
-140.2307E-03,-75.96962E-06,-140.2307E-03,-76.01030E-06
-144.2339E-03,-76.00604E-06,-144.2339E-03,-76.04788E-06
-148.2187E-03,-76.04831E-06,-148.2187E-03,-76.09131E-06
-152.2191E-03,-75.98173E-06,-152.2191E-03,-76.02588E-06
-156.2223E-03,-75.98630E-06,-156.2223E-03,-76.03162E-06
-160.2147E-03,-76.02690E-06,-160.2147E-03,-76.07337E-06
-164.2291E-03,-75.98829E-06,-164.2291E-03,-76.03593E-06
-168.2459E-03,-75.98603E-06,-168.2459E-03,-76.03484E-06
-172.2387E-03,-76.03056E-06,-172.2387E-03,-76.08052E-06
-176.2327E-03,-76.01258E-06,-176.2327E-03,-76.06371E-06
-180.2409E-03,-76.00886E-06,-180.2409E-03,-76.06115E-06
-184.2287E-03,-76.02534E-06,-184.2287E-03,-76.07879E-06
-188.2215E-03,-76.04223E-06,-188.2215E-03,-76.09684E-06
-192.2311E-03,-75.99345E-06,-192.2311E-03,-76.04922E-06
-196.2275E-03,-76.05753E-06,-196.2275E-03,-76.11446E-06
-200.2481E-03,-76.01100E-06,-200.2481E-03,-76.06909E-06
-204.3118E-03,-76.00056E-06,-204.3118E-03,-76.05983E-06
-208.3011E-03,-76.00039E-06,-208.3011E-03,-76.06082E-06
-212.3007E-03,-76.02392E-06,-212.3007E-03,-76.08551E-06
-216.3076E-03,-75.98371E-06,-216.3076E-03,-76.04647E-06
-220.3114E-03,-75.99410E-06,-220.3114E-03,-76.05801E-06
-224.2919E-03,-76.01754E-06,-224.2919E-03,-76.08261E-06
-228.3041E-03,-76.02113E-06,-228.3041E-03,-76.08736E-06
-232.3307E-03,-75.99712E-06,-232.3307E-03,-76.06451E-06
-236.3175E-03,-75.95807E-06,-236.3175E-03,-76.02663E-06
-240.3119E-03,-76.02547E-06,-240.3119E-03,-76.09519E-06
-244.3223E-03,-76.06197E-06,-244.3223E-03,-76.13286E-06
-248.3114E-03,-76.00825E-06,-248.3114E-03,-76.08029E-06
-252.3029E-03,-76.00385E-06,-252.3029E-03,-76.07705E-06
-256.3327E-03,-75.98397E-06,-256.3327E-03,-76.05834E-06
-260.3251E-03,-75.99323E-06,-260.3251E-03,-76.06875E-06
-264.3191E-03,-75.97811E-06,-264.3191E-03,-76.05479E-06
-268.3219E-03,-75.94618E-06,-268.3219E-03,-76.02401E-06
-272.3188E-03,-76.01767E-06,-272.3188E-03,-76.09667E-06
-276.3103E-03,-75.98470E-06,-276.3103E-03,-76.06485E-06
-280.3187E-03,-76.01780E-06,-280.3187E-03,-76.09912E-06
-284.3139E-03,-76.02647E-06,-284.3139E-03,-76.10895E-06
-288.3123E-03,-76.05719E-06,-288.3123E-03,-76.14084E-06
-292.3136E-03,-76.02514E-06,-292.3136E-03,-76.10994E-06
-296.3240E-03,-76.00374E-06,-296.3240E-03,-76.08970E-06
-300.3095E-03,-75.99599E-06,-300.3095E-03,-76.08312E-06
-304.3171E-03,-76.00590E-06,-304.3171E-03,-76.09419E-06
-308.3399E-03,-76.02021E-06,-308.3399E-03,-76.10966E-06
-312.3319E-03,-76.02487E-06,-312.3319E-03,-76.11547E-06
-316.3327E-03,-76.01677E-06,-316.3327E-03,-76.10854E-06
-320.3391E-03,-76.01185E-06,-320.3391E-03,-76.10478E-06
-324.3351E-03,-76.01664E-06,-324.3351E-03,-76.11073E-06
-328.3446E-03,-75.99885E-06,-328.3446E-03,-76.09410E-06
-332.3471E-03,-75.95759E-06,-332.3471E-03,-76.05401E-06
-336.3459E-03,-75.95152E-06,-336.3459E-03,-76.04910E-06
-340.3455E-03,-75.97035E-06,-340.3455E-03,-76.06909E-06
-344.3351E-03,-75.91825E-06,-344.3351E-03,-76.01814E-06
-348.3339E-03,-75.92161E-06,-348.3339E-03,-76.02266E-06
-352.3291E-03,-75.94838E-06,-352.3291E-03,-76.05059E-06
-356.3278E-03,-75.97366E-06,-356.3278E-03,-76.07703E-06
-360.3385E-03,-76.03202E-06,-360.3385E-03,-76.13655E-06
-364.3453E-03,-75.97038E-06,-364.3453E-03,-76.07608E-06
-368.3535E-03,-75.92131E-06,-368.3535E-03,-76.02817E-06
-372.3425E-03,-75.96416E-06,-372.3425E-03,-76.07217E-06
-376.3111E-03,-75.97208E-06,-376.3111E-03,-76.08125E-06
-380.3171E-03,-75.96841E-06,-380.3171E-03,-76.07874E-06
-384.3339E-03,-76.02832E-06,-384.3339E-03,-76.13982E-06
-388.3423E-03,-75.97212E-06,-388.3423E-03,-76.08478E-06
-392.3240E-03,-75.92402E-06,-392.3240E-03,-76.03784E-06
-396.3192E-03,-75.95505E-06,-396.3192E-03,-76.07003E-06
-400.3215E-03,-75.93256E-06,-400.3215E-03,-76.04869E-06
-404.3211E-03,-75.92019E-06,-404.3211E-03,-76.03748E-06
-408.3939E-03,-75.97703E-06,-408.3939E-03,-76.09551E-06
-412.4112E-03,-75.97651E-06,-412.4112E-03,-76.09616E-06
-416.4219E-03,-75.95799E-06,-416.4219E-03,-76.07880E-06
-420.4335E-03,-75.97065E-06,-420.4335E-03,-76.09262E-06
-424.4263E-03,-75.94553E-06,-424.4263E-03,-76.06866E-06
-428.4275E-03,-75.89662E-06,-428.4275E-03,-76.02091E-06
-432.4299E-03,-75.92350E-06,-432.4299E-03,-76.04896E-06
-436.4336E-03,-75.95247E-06,-436.4336E-03,-76.07908E-06
-440.4407E-03,-75.94332E-06,-440.4407E-03,-76.07110E-06
-444.4312E-03,-75.95325E-06,-444.4312E-03,-76.08218E-06
-448.4324E-03,-76.00017E-06,-448.4324E-03,-76.13027E-06
-452.4275E-03,-75.91765E-06,-452.4275E-03,-76.04890E-06
-456.4315E-03,-75.92605E-06,-456.4315E-03,-76.05847E-06
-460.4484E-03,-75.93929E-06,-460.4484E-03,-76.07287E-06
-464.4541E-03,-75.94417E-06,-464.4541E-03,-76.07891E-06
-468.4441E-03,-75.95015E-06,-468.4441E-03,-76.08605E-06
-472.4263E-03,-75.92459E-06,-472.4263E-03,-76.06165E-06
-476.4239E-03,-75.92801E-06,-476.4239E-03,-76.06622E-06
-480.4259E-03,-75.97398E-06,-480.4259E-03,-76.11335E-06
-484.4434E-03,-75.95067E-06,-484.4434E-03,-76.09121E-06
-488.4327E-03,-75.92424E-06,-488.4327E-03,-76.06594E-06
-492.4424E-03,-75.91036E-06,-492.4424E-03,-76.05323E-06
-496.4100E-03,-75.90672E-06,-496.4100E-03,-76.05073E-06
-500.3477E-03,-75.90779E-06,-500.3477E-03,-76.05294E-06

-500.3416E-03,-75.91002E-06,-500.3416E-03,-76.05518E-06
-496.7030E-03,-75.83991E-06,-496.7030E-03,-75.98400E-06
-492.5890E-03,-75.85547E-06,-492.5890E-03,-75.99837E-06
-488.5297E-03,-75.87419E-06,-488.5297E-03,-76.01592E-06
-484.4768E-03,-75.88462E-06,-484.4768E-03,-76.02517E-06
-480.4387E-03,-75.89642E-06,-480.4387E-03,-76.03579E-06
-476.3969E-03,-75.90674E-06,-476.3969E-03,-76.04495E-06
-472.3749E-03,-75.90937E-06,-472.3749E-03,-76.04640E-06
-468.3747E-03,-75.91984E-06,-468.3747E-03,-76.05572E-06
-464.3649E-03,-75.92992E-06,-464.3649E-03,-76.06464E-06
-460.3305E-03,-75.93182E-06,-460.3305E-03,-76.06536E-06
-456.3172E-03,-75.94164E-06,-456.3172E-03,-76.07401E-06
-452.2941E-03,-75.94376E-06,-452.2941E-03,-76.07498E-06
-448.2944E-03,-75.94226E-06,-448.2944E-03,-76.07231E-06
-444.3062E-03,-75.94850E-06,-444.3062E-03,-76.07739E-06
-440.2961E-03,-75.95221E-06,-440.2961E-03,-76.07994E-06
-436.2789E-03,-75.94402E-06,-436.2789E-03,-76.07058E-06
-432.2797E-03,-75.94500E-06,-432.2797E-03,-76.07041E-06
-428.2720E-03,-75.95584E-06,-428.2720E-03,-76.08008E-06
-424.2649E-03,-75.95609E-06,-424.2649E-03,-76.07917E-06
-420.2698E-03,-75.96126E-06,-420.2698E-03,-76.08318E-06
-416.2609E-03,-75.96016E-06,-416.2609E-03,-76.08092E-06
-412.2502E-03,-75.96225E-06,-412.2502E-03,-76.08184E-06
-408.1554E-03,-75.96319E-06,-408.1554E-03,-76.08160E-06
-404.1637E-03,-75.97221E-06,-404.1637E-03,-76.08946E-06
-400.1586E-03,-75.98302E-06,-400.1586E-03,-76.09911E-06
-396.1425E-03,-75.97703E-06,-396.1425E-03,-76.09196E-06
-392.1526E-03,-75.97051E-06,-392.1526E-03,-76.08427E-06
-388.1573E-03,-75.97527E-06,-388.1573E-03,-76.08788E-06
-384.1493E-03,-75.97341E-06,-384.1493E-03,-76.08486E-06
-380.1581E-03,-75.97204E-06,-380.1581E-03,-76.08232E-06
-376.1738E-03,-75.97794E-06,-376.1738E-03,-76.08707E-06
-372.1621E-03,-75.97943E-06,-372.1621E-03,-76.08740E-06
-368.1526E-03,-75.98312E-06,-368.1526E-03,-76.08992E-06
-364.1537E-03,-75.98798E-06,-364.1537E-03,-76.09362E-06
-360.1353E-03,-75.99059E-06,-360.1353E-03,-76.09506E-06
-356.1352E-03,-75.97588E-06,-356.1352E-03,-76.07920E-06
-352.1565E-03,-75.97268E-06,-352.1565E-03,-76.07484E-06
-348.1441E-03,-75.97402E-06,-348.1441E-03,-76.07502E-06
-344.1285E-03,-75.96996E-06,-344.1285E-03,-76.06979E-06
-340.1461E-03,-75.98771E-06,-340.1461E-03,-76.08639E-06
-336.1477E-03,-75.99065E-06,-336.1477E-03,-76.08817E-06
-332.1445E-03,-75.99190E-06,-332.1445E-03,-76.08825E-06
-328.1538E-03,-75.98906E-06,-328.1538E-03,-76.08426E-06
-324.1529E-03,-75.98612E-06,-324.1529E-03,-76.08016E-06
-320.1371E-03,-75.99209E-06,-320.1371E-03,-76.08497E-06
-316.1356E-03,-75.98740E-06,-316.1356E-03,-76.07912E-06
-312.1393E-03,-75.99763E-06,-312.1393E-03,-76.08819E-06
-308.1161E-03,-75.98974E-06,-308.1161E-03,-76.07913E-06
-304.1237E-03,-76.00431E-06,-304.1237E-03,-76.09254E-06
-300.1329E-03,-75.99664E-06,-300.1329E-03,-76.08371E-06
-296.1257E-03,-76.00000E-06,-296.1257E-03,-76.08590E-06
-292.1278E-03,-75.99392E-06,-292.1278E-03,-76.07867E-06
-288.1197E-03,-76.00052E-06,-288.1197E-03,-76.08411E-06
-284.1049E-03,-76.00780E-06,-284.1049E-03,-76.09023E-06
-280.1178E-03,-76.01112E-06,-280.1178E-03,-76.09239E-06
-276.1241E-03,-75.99397E-06,-276.1241E-03,-76.07408E-06
-272.1238E-03,-75.99770E-06,-272.1238E-03,-76.07664E-06
-268.1085E-03,-75.99625E-06,-268.1085E-03,-76.07403E-06
-264.1150E-03,-76.00991E-06,-264.1150E-03,-76.08653E-06
-260.1161E-03,-75.99242E-06,-260.1161E-03,-76.06788E-06
-256.0953E-03,-76.00918E-06,-256.0953E-03,-76.08347E-06
-252.1073E-03,-76.00309E-06,-252.1073E-03,-76.07623E-06
-248.1241E-03,-75.99733E-06,-248.1241E-03,-76.06931E-06
-244.1089E-03,-76.00953E-06,-244.1089E-03,-76.08035E-06
-240.1113E-03,-76.02202E-06,-240.1113E-03,-76.09168E-06
-236.0977E-03,-76.03172E-06,-236.0977E-03,-76.10022E-06
-232.0994E-03,-75.99920E-06,-232.0994E-03,-76.06653E-06
-228.0929E-03,-75.99332E-06,-228.0929E-03,-76.05948E-06
-224.1057E-03,-75.99830E-06,-224.1057E-03,-76.06332E-06
-220.1133E-03,-76.00689E-06,-220.1133E-03,-76.07075E-06
-216.1089E-03,-76.02069E-06,-216.1089E-03,-76.08339E-06
-212.1157E-03,-76.00599E-06,-212.1157E-03,-76.06752E-06
-208.0989E-03,-76.02262E-06,-208.0989E-03,-76.08299E-06
-204.0249E-03,-76.01340E-06,-204.0249E-03,-76.07259E-06
-200.0173E-03,-76.01542E-06,-200.0173E-03,-76.07345E-06
-196.0279E-03,-76.02155E-06,-196.0279E-03,-76.07842E-06
-192.0197E-03,-76.01198E-06,-192.0197E-03,-76.06768E-06
-188.0073E-03,-75.99927E-06,-188.0073E-03,-76.05381E-06
-184.0197E-03,-75.99794E-06,-184.0197E-03,-76.05132E-06
-180.0045E-03,-76.00440E-06,-180.0045E-03,-76.05662E-06
-176.0180E-03,-76.00595E-06,-176.0180E-03,-76.05701E-06
-172.0145E-03,-76.02056E-06,-172.0145E-03,-76.07046E-06
-168.0181E-03,-76.02461E-06,-168.0181E-03,-76.07335E-06
-164.0217E-03,-76.03137E-06,-164.0217E-03,-76.07896E-06
-160.0188E-03,-76.00775E-06,-160.0188E-03,-76.05417E-06
-156.0089E-03,-76.02185E-06,-156.0089E-03,-76.06711E-06
-152.0045E-03,-76.00435E-06,-152.0045E-03,-76.04845E-06
-148.0038E-03,-75.97670E-06,-148.0038E-03,-76.01963E-06
-144.0133E-03,-75.98009E-06,-144.0133E-03,-76.02187E-06
-140.0113E-03,-76.02961E-06,-140.0113E-03,-76.07023E-06
-136.0034E-03,-76.04020E-06,-136.0034E-03,-76.07965E-06
-132.0077E-03,-75.99345E-06,-132.0077E-03,-76.03174E-06
-127.9987E-03,-76.00370E-06,-127.9987E-03,-76.04084E-06
-123.9977E-03,-75.99487E-06,-123.9977E-03,-76.03084E-06
-119.9993E-03,-76.02727E-06,-119.9993E-03,-76.06209E-06
-115.9985E-03,-75.99574E-06,-115.9985E-03,-76.02939E-06
-112.0013E-03,-75.97935E-06,-112.0013E-03,-76.01185E-06
-107.9961E-03,-75.99638E-06,-107.9961E-03,-76.02771E-06
-103.9957E-03,-75.99445E-06,-103.9957E-03,-76.02462E-06
-99.99253E-03,-75.97217E-06,-99.99253E-03,-76.00118E-06
-96.00253E-03,-75.98246E-06,-96.00253E-03,-76.01031E-06
-91.99395E-03,-75.93961E-06,-91.99395E-03,-75.96629E-06
-87.99532E-03,-75.96104E-06,-87.99532E-03,-75.98657E-06
-84.00653E-03,-75.97212E-06,-84.00653E-03,-75.99649E-06
-79.99813E-03,-75.96996E-06,-79.99813E-03,-75.99317E-06
-75.98748E-03,-75.91048E-06,-75.98748E-03,-75.93253E-06
-71.98692E-03,-75.79038E-06,-71.98692E-03,-75.81127E-06
-67.98372E-03,-75.66757E-06,-67.98372E-03,-75.68729E-06
-63.97893E-03,-74.65767E-06,-63.97893E-03,-74.67623E-06
-59.98431E-03,-71.72429E-06,-59.98431E-03,-71.74170E-06
-55.98636E-03,-68.03240E-06,-55.98636E-03,-68.04864E-06
-51.98133E-03,-64.05432E-06,-51.98133E-03,-64.06941E-06
-47.98293E-03,-59.95251E-06,-47.98293E-03,-59.96643E-06
-43.97413E-03,-55.65659E-06,-43.97413E-03,-55.66935E-06
-39.96892E-03,-51.18683E-06,-39.96892E-03,-51.19843E-06
-35.96212E-03,-46.42445E-06,-35.96212E-03,-46.43489E-06
-31.97372E-03,-41.37678E-06,-31.97372E-03,-41.38606E-06
-27.97972E-03,-36.24000E-06,-27.97972E-03,-36.24811E-06
-23.97479E-03,-31.08937E-06,-23.97479E-03,-31.09633E-06
-19.97532E-03,-25.90987E-06,-19.97532E-03,-25.91567E-06
-15.96717E-03,-20.69679E-06,-15.96717E-03,-20.70142E-06
-11.96901E-03,-15.53161E-06,-11.96901E-03,-15.53508E-06
-7.967322E-03,-10.30393E-06,-7.967322E-03,-10.30625E-06
-3.965322E-03,-5.095520E-06,-3.965322E-03,-5.096671E-06
+76.00849E-06,+108.8210E-09,+76.00849E-06,+108.8430E-09
+4.095479E-03,+5.273991E-06,+4.095479E-03,+5.275179E-06
+8.099079E-03,+10.55343E-06,+8.099079E-03,+10.55578E-06
+12.10934E-03,+15.77106E-06,+12.10934E-03,+15.77458E-06
+16.09349E-03,+20.93859E-06,+16.09349E-03,+20.94326E-06
+20.08480E-03,+26.18779E-06,+20.08480E-03,+26.19362E-06
+24.10228E-03,+31.40661E-06,+24.10228E-03,+31.41360E-06
+28.10468E-03,+36.55667E-06,+28.10468E-03,+36.56482E-06
+32.09348E-03,+41.67511E-06,+32.09348E-03,+41.68442E-06
+36.08028E-03,+46.68338E-06,+36.08028E-03,+46.69385E-06
+40.07788E-03,+51.39008E-06,+40.07788E-03,+51.40171E-06
+44.07508E-03,+55.84226E-06,+44.07508E-03,+55.85505E-06
+48.09188E-03,+60.11932E-06,+48.09188E-03,+60.13327E-06
+52.11868E-03,+64.28209E-06,+52.11868E-03,+64.29721E-06
+56.10068E-03,+68.22226E-06,+56.10068E-03,+68.23854E-06
+60.10108E-03,+71.96388E-06,+60.10108E-03,+71.98131E-06
+64.10309E-03,+74.79214E-06,+64.10309E-03,+74.81074E-06
+68.09908E-03,+75.68624E-06,+68.09908E-03,+75.70599E-06
+72.10764E-03,+75.88277E-06,+72.10764E-03,+75.90368E-06
+76.10519E-03,+75.93018E-06,+76.10519E-03,+75.95226E-06
+80.10148E-03,+75.97919E-06,+80.10148E-03,+76.00243E-06
+84.08989E-03,+75.97312E-06,+84.08989E-03,+75.99752E-06
+88.11173E-03,+75.94890E-06,+88.11173E-03,+75.97446E-06
+92.11509E-03,+75.95980E-06,+92.11509E-03,+75.98653E-06
+96.11788E-03,+76.04135E-06,+96.11788E-03,+76.06923E-06
+100.1185E-03,+76.00825E-06,+100.1185E-03,+76.03729E-06
+104.1179E-03,+76.01631E-06,+104.1179E-03,+76.04651E-06
+108.1143E-03,+76.08513E-06,+108.1143E-03,+76.11650E-06
+112.1147E-03,+76.05186E-06,+112.1147E-03,+76.08438E-06
+116.1147E-03,+76.03777E-06,+116.1147E-03,+76.07145E-06
+120.1127E-03,+76.05823E-06,+120.1127E-03,+76.09308E-06
+124.1075E-03,+76.08202E-06,+124.1075E-03,+76.11802E-06
+128.1159E-03,+76.03580E-06,+128.1159E-03,+76.07297E-06
+132.1080E-03,+76.01090E-06,+132.1080E-03,+76.04923E-06
+136.0839E-03,+76.06733E-06,+136.0839E-03,+76.10681E-06
+140.0987E-03,+76.07241E-06,+140.0987E-03,+76.11306E-06
+144.0974E-03,+76.00901E-06,+144.0974E-03,+76.05081E-06
+148.0998E-03,+76.04875E-06,+148.0998E-03,+76.09171E-06
+152.1107E-03,+76.09608E-06,+152.1107E-03,+76.14020E-06
+156.1100E-03,+76.09859E-06,+156.1100E-03,+76.14387E-06
+160.1084E-03,+76.09282E-06,+160.1084E-03,+76.13927E-06
+164.1215E-03,+76.02591E-06,+164.1215E-03,+76.07353E-06
+168.1121E-03,+76.03071E-06,+168.1121E-03,+76.07948E-06
+172.1041E-03,+76.05227E-06,+172.1041E-03,+76.10219E-06
+176.1125E-03,+76.05262E-06,+176.1125E-03,+76.10371E-06
+180.1227E-03,+76.03557E-06,+180.1227E-03,+76.08782E-06
+184.1255E-03,+76.04794E-06,+184.1255E-03,+76.10135E-06
+188.1375E-03,+76.03522E-06,+188.1375E-03,+76.08980E-06
+192.1334E-03,+76.03350E-06,+192.1334E-03,+76.08924E-06
+196.1227E-03,+76.03587E-06,+196.1227E-03,+76.09277E-06
+200.1324E-03,+76.04090E-06,+200.1324E-03,+76.09896E-06
+204.1691E-03,+76.00238E-06,+204.1691E-03,+76.06162E-06
+208.1851E-03,+76.00282E-06,+208.1851E-03,+76.06322E-06
+212.1975E-03,+76.00803E-06,+212.1975E-03,+76.06959E-06
+216.1927E-03,+76.04557E-06,+216.1927E-03,+76.10828E-06
+220.1699E-03,+76.05919E-06,+220.1699E-03,+76.12306E-06
+224.1723E-03,+76.02941E-06,+224.1723E-03,+76.09444E-06
+228.1840E-03,+76.01667E-06,+228.1840E-03,+76.08286E-06
+232.1697E-03,+76.02312E-06,+232.1697E-03,+76.09047E-06
+236.1711E-03,+76.04698E-06,+236.1711E-03,+76.11550E-06
+240.1679E-03,+76.01760E-06,+240.1679E-03,+76.08727E-06
+244.1911E-03,+76.00102E-06,+244.1911E-03,+76.07186E-06
+248.1963E-03,+76.02025E-06,+248.1963E-03,+76.09226E-06
+252.1839E-03,+76.05220E-06,+252.1839E-03,+76.12536E-06
+256.2027E-03,+76.04031E-06,+256.2027E-03,+76.11464E-06
+260.1887E-03,+76.00833E-06,+260.1887E-03,+76.08381E-06
+264.1883E-03,+76.01209E-06,+264.1883E-03,+76.08873E-06
+268.1798E-03,+76.02893E-06,+268.1798E-03,+76.10673E-06
+272.1709E-03,+76.01303E-06,+272.1709E-03,+76.09199E-06
+276.1839E-03,+75.98860E-06,+276.1839E-03,+76.06872E-06
+280.1851E-03,+76.02587E-06,+280.1851E-03,+76.10715E-06
+284.1835E-03,+75.98773E-06,+284.1835E-03,+76.07017E-06
+288.1725E-03,+76.02433E-06,+288.1725E-03,+76.10793E-06
+292.1844E-03,+76.02440E-06,+292.1844E-03,+76.10917E-06
+296.1822E-03,+75.99313E-06,+296.1822E-03,+76.07905E-06
+300.1783E-03,+76.00786E-06,+300.1783E-03,+76.09495E-06
+304.1951E-03,+76.03419E-06,+304.1951E-03,+76.12244E-06
+308.2095E-03,+76.01083E-06,+308.2095E-03,+76.10024E-06
+312.2129E-03,+76.01226E-06,+312.2129E-03,+76.10284E-06
+316.2051E-03,+76.00269E-06,+316.2051E-03,+76.09442E-06
+320.2027E-03,+75.99597E-06,+320.2027E-03,+76.08886E-06
+324.1927E-03,+75.99487E-06,+324.1927E-03,+76.08892E-06
+328.1803E-03,+75.99501E-06,+328.1803E-03,+76.09022E-06
+332.2031E-03,+76.01631E-06,+332.2031E-03,+76.11269E-06
+336.2155E-03,+75.99794E-06,+336.2155E-03,+76.09549E-06
+340.2094E-03,+75.97738E-06,+340.2094E-03,+76.07607E-06
+344.2023E-03,+76.04673E-06,+344.2023E-03,+76.14659E-06
+348.1875E-03,+76.00447E-06,+348.1875E-03,+76.10548E-06
+352.1847E-03,+75.97687E-06,+352.1847E-03,+76.07904E-06
+356.1979E-03,+75.97727E-06,+356.1979E-03,+76.08060E-06
+360.2027E-03,+75.98053E-06,+360.2027E-03,+76.08503E-06
+364.2047E-03,+75.99226E-06,+364.2047E-03,+76.09792E-06
+368.2163E-03,+75.99471E-06,+368.2163E-03,+76.10153E-06
+372.2101E-03,+75.98223E-06,+372.2101E-03,+76.09021E-06
+376.1884E-03,+75.99635E-06,+376.1884E-03,+76.10548E-06
+380.2019E-03,+75.99915E-06,+380.2019E-03,+76.10945E-06
+384.2139E-03,+75.96386E-06,+384.2139E-03,+76.07532E-06
+388.2131E-03,+75.98454E-06,+388.2131E-03,+76.09716E-06
+392.1943E-03,+75.98531E-06,+392.1943E-03,+76.09910E-06
+396.2026E-03,+75.98169E-06,+396.2026E-03,+76.09663E-06
+400.2039E-03,+75.95200E-06,+400.2039E-03,+76.06811E-06
+404.1943E-03,+75.94070E-06,+404.1943E-03,+76.05796E-06
+408.2239E-03,+75.96356E-06,+408.2239E-03,+76.08199E-06
+411.6603E-03,+75.96575E-06,+411.6603E-03,+76.08518E-06
+416.3644E-03,+75.95440E-06,+416.3644E-03,+76.07519E-06
+420.0507E-03,+75.96192E-06,+420.0507E-03,+76.08378E-06
+424.2759E-03,+75.97459E-06,+424.2759E-03,+76.09768E-06
+428.2751E-03,+75.96713E-06,+428.2751E-03,+76.09138E-06
+432.2803E-03,+75.95688E-06,+432.2803E-03,+76.08229E-06
+436.2851E-03,+75.96515E-06,+436.2851E-03,+76.09172E-06
+440.2795E-03,+75.96718E-06,+440.2795E-03,+76.09491E-06
+444.2903E-03,+75.97407E-06,+444.2903E-03,+76.10296E-06
+448.2931E-03,+75.95477E-06,+448.2931E-03,+76.08482E-06
+452.2951E-03,+75.94971E-06,+452.2951E-03,+76.08093E-06
+456.2880E-03,+75.96079E-06,+456.2880E-03,+76.09316E-06
+460.2983E-03,+75.94494E-06,+460.2983E-03,+76.07848E-06
+464.3054E-03,+75.95300E-06,+464.3054E-03,+76.08770E-06
+468.3024E-03,+75.96842E-06,+468.3024E-03,+76.10428E-06
+472.2847E-03,+75.95489E-06,+472.2847E-03,+76.09191E-06
+476.2887E-03,+75.93240E-06,+476.2887E-03,+76.07057E-06
+480.2883E-03,+75.93826E-06,+480.2883E-03,+76.07759E-06
+484.2851E-03,+75.93851E-06,+484.2851E-03,+76.07901E-06
+488.2915E-03,+75.96928E-06,+488.2915E-03,+76.11094E-06
+492.2891E-03,+75.91585E-06,+492.2891E-03,+76.05866E-06
+496.2757E-03,+75.91119E-06,+496.2757E-03,+76.05516E-06
+500.2429E-03,+76.02365E-06,+500.2429E-03,+76.16878E-06

MicroMag 2900/3900 Data File ends
