[Header]
TITLE,MPMS RSO Measurement
BYAPP,MPMS Measurement,1.1,Summary
FILEOPENTIME, 1711706802.765000 3/29/2024, 7:06:42 PM

INFO, APPNAME, MPMS MultiVu Application, Revision 1.60,  Build 081

INFO, NAME, NWF24-C-P8
INFO, WEIGHT, 0.100
INFO, AREA, 0.000
INFO, LENGTH, 0.000
INFO, SHAPE, 0
INFO, COMMENT, 
INFO, SEQUENCE FILE: ZFC_FC.190512-3K.seq


INFO, BACKGROUND DATA FILE:, None


STARTUPAXIS,X,4,LINEAR,AUTO,0.000000,0.000000
STARTUPAXIS,Y1,5,LINEAR,AUTO,0.000000,0.000000


STARTUPGROUP,Longitudinal
FIELDGROUP,Longitudinal,1,2,3,4,5,6,7,8,9,10,11,19,20,21,22,23,35
FIELDGROUP,Transverse,1,2,3,4,12,13,14,15,16,17,18,24,25,26,27,28,35

PLOT_APPEARANCE,ALL,HORZ_GRID_ON,VERT_GRID_ON,MARKERS_AND_LINES

[Data]
Time,Comment,Field (Oe),Temperature (K),Long Moment (emu),Long Scan Std Dev,Long Offset (cm),Long Offset Std Dev,Long Algorithm,Long Reg Fit,Long Reg Factor,Trans Moment (emu),Trans Scan Std Dev,Trans Offset (cm),Trans Offset Std Dev,Trans Algorithm,Trans Reg Fit,Trans Reg Factor,Long Moment [w/o ABS] (emu),Long Scan Std Dev [w/o ABS],Long Offset [w/o ABS] (cm),Long Offset Std Dev [w/o ABS],Long Reg Fit [w/o ABS],Trans Moment [w/o ABS] (emu),Trans Scan Std Dev [w/o ABS],Trans Offset [w/o ABS] (cm),Trans Offset Std Dev [w/o ABS],Trans Reg Fit [w/o ABS],RSO Position (deg),Amplitude (cm),Frequency,Cycles to Average,Scans per Measurement,Delta Temp (K),Error,EC Comp. Running,Using ABS,
1711706802.764,,0.000000e+000,5.002645e+000,2.274918e-002,0.000000e+000,2.500546e-002,0.000000e+000,3,9.916869e-001,1.825000e+000,,,,,,,,,,,,,,,,,,0,3.000000e+000,5.000000e-001,5,1,1.832962e-003,0,1,0,
1711706889.475,,0.000000e+000,8.649022e+000,1.838689e-002,0.000000e+000,2.575306e-002,0.000000e+000,3,9.918221e-001,1.825000e+000,,,,,,,,,,,,,,,,,,0,3.000000e+000,5.000000e-001,5,1,8.322430e-001,0,1,0,
1711706957.448,,0.000000e+000,1.165338e+001,1.615498e-002,0.000000e+000,2.618463e-002,0.000000e+000,3,9.918063e-001,1.825000e+000,,,,,,,,,,,,,,,,,,0,3.000000e+000,5.000000e-001,5,1,5.676394e-001,0,1,0,
1711707023.635,,0.000000e+000,1.472723e+001,1.514876e-002,0.000000e+000,2.637160e-002,0.000000e+000,3,9.917395e-001,1.825000e+000,,,,,,,,,,,,,,,,,,0,3.000000e+000,5.000000e-001,5,1,7.049599e-001,0,0,0,
1711707090.318,,0.000000e+000,1.806590e+001,1.463924e-002,0.000000e+000,2.643470e-002,0.000000e+000,3,9.917258e-001,1.825000e+000,,,,,,,,,,,,,,,,,,0,3.000000e+000,5.000000e-001,5,1,9.331894e-001,0,0,0,
1711707140.734,,0.000000e+000,2.061631e+001,1.442116e-002,0.000000e+000,2.647454e-002,0.000000e+000,3,9.917089e-001,1.825000e+000,,,,,,,,,,,,,,,,,,0,3.000000e+000,5.000000e-001,5,1,9.066105e-001,0,0,0,
1711707200.717,,0.000000e+000,2.350528e+001,1.426315e-002,0.000000e+000,2.634652e-002,0.000000e+000,3,9.917549e-001,1.825000e+000,,,,,,,,,,,,,,,,,,0,3.000000e+000,5.000000e-001,5,1,8.875198e-001,0,0,0,
1711707262.162,,0.000000e+000,2.672102e+001,1.415945e-002,0.000000e+000,2.621749e-002,0.000000e+000,3,9.917265e-001,1.825000e+000,,,,,,,,,,,,,,,,,,0,3.000000e+000,5.000000e-001,5,1,8.627205e-001,0,0,0,
1711707327.844,,0.000000e+000,2.997253e+001,1.407746e-002,0.000000e+000,2.628284e-002,0.000000e+000,3,9.917575e-001,1.825000e+000,,,,,,,,,,,,,,,,,,0,3.000000e+000,5.000000e-001,5,1,8.550510e-001,0,0,0,
1711707384.522,,0.000000e+000,3.272377e+001,1.402184e-002,0.000000e+000,2.613693e-002,0.000000e+000,3,9.917260e-001,1.825000e+000,,,,,,,,,,,,,,,,,,0,3.000000e+000,5.000000e-001,5,1,6.959991e-001,0,0,0,
1711707447.963,,0.000000e+000,3.593524e+001,1.396445e-002,0.000000e+000,2.600691e-002,0.000000e+000,3,9.917380e-001,1.825000e+000,,,,,,,,,,,,,,,,,,0,3.000000e+000,5.000000e-001,5,1,8.350029e-001,0,0,0,
1711707505.395,,0.000000e+000,3.874663e+001,1.390811e-002,0.000000e+000,2.592415e-002,0.000000e+000,3,9.917336e-001,1.825000e+000,,,,,,,,,,,,,,,,,,0,3.000000e+000,5.000000e-001,5,1,8.240623e-001,0,0,0,
1711707571.072,,0.000000e+000,4.196457e+001,1.383923e-002,0.000000e+000,2.586229e-002,0.000000e+000,3,9.917164e-001,1.825000e+000,,,,,,,,,,,,,,,,,,0,3.000000e+000,5.000000e-001,5,1,7.120514e-001,0,0,0,
1711707628.751,,0.000000e+000,4.488010e+001,1.377127e-002,0.000000e+000,2.583766e-002,0.000000e+000,3,9.917333e-001,1.825000e+000,,,,,,,,,,,,,,,,,,0,3.000000e+000,5.000000e-001,5,1,6.967888e-001,0,0,0,
1711707685.422,,0.000000e+000,4.775163e+001,1.370339e-002,0.000000e+000,2.576920e-002,0.000000e+000,3,9.918403e-001,1.825000e+000,,,,,,,,,,,,,,,,,,0,3.000000e+000,5.000000e-001,5,1,6.830101e-001,0,0,0,
1711707744.597,,0.000000e+000,5.072078e+001,1.363216e-002,0.000000e+000,2.569728e-002,0.000000e+000,3,9.917995e-001,1.825000e+000,,,,,,,,,,,,,,,,,,0,3.000000e+000,5.000000e-001,5,1,7.304802e-001,0,1,0,
1711707810.047,,0.000000e+000,5.397152e+001,1.354950e-002,0.000000e+000,2.572099e-002,0.000000e+000,3,9.917765e-001,1.825000e+000,,,,,,,,,,,,,,,,,,0,3.000000e+000,5.000000e-001,5,1,7.328186e-001,0,1,0,
1711707866.650,,0.000000e+000,5.679205e+001,1.347578e-002,0.000000e+000,2.546410e-002,0.000000e+000,3,9.917156e-001,1.825000e+000,,,,,,,,,,,,,,,,,,0,3.000000e+000,5.000000e-001,5,1,7.277603e-001,0,1,0,
1711707927.056,,0.000000e+000,5.980205e+001,1.339724e-002,0.000000e+000,2.550147e-002,0.000000e+000,3,9.918460e-001,1.825000e+000,,,,,,,,,,,,,,,,,,0,3.000000e+000,5.000000e-001,5,1,9.337807e-001,0,1,0,
1711707987.725,,0.000000e+000,6.278354e+001,1.332919e-002,0.000000e+000,2.534127e-002,0.000000e+000,3,9.917746e-001,1.825000e+000,,,,,,,,,,,,,,,,,,0,3.000000e+000,5.000000e-001,5,1,9.163589e-001,0,0,0,
1711708053.342,,0.000000e+000,6.601999e+001,1.326782e-002,0.000000e+000,2.524730e-002,0.000000e+000,3,9.917259e-001,1.825000e+000,,,,,,,,,,,,,,,,,,0,3.000000e+000,5.000000e-001,5,1,9.180756e-001,0,0,0,
1711708110.000,,0.000000e+000,6.898546e+001,1.321650e-002,0.000000e+000,2.500808e-002,0.000000e+000,3,9.917499e-001,1.825000e+000,,,,,,,,,,,,,,,,,,0,3.000000e+000,5.000000e-001,5,1,1.006935e+000,0,0,0,
1711708166.917,,0.000000e+000,7.187537e+001,1.317017e-002,0.000000e+000,2.485230e-002,0.000000e+000,3,9.917231e-001,1.825000e+000,,,,,,,,,,,,,,,,,,0,3.000000e+000,5.000000e-001,5,1,7.953873e-001,0,0,0,
1711708225.134,,0.000000e+000,7.473950e+001,1.312185e-002,0.000000e+000,2.460165e-002,0.000000e+000,3,9.917101e-001,1.825000e+000,,,,,,,,,,,,,,,,,,0,3.000000e+000,5.000000e-001,5,1,7.731857e-001,0,0,0,
1711708292.322,,0.000000e+000,7.807522e+001,1.306411e-002,0.000000e+000,2.430248e-002,0.000000e+000,3,9.917386e-001,1.825000e+000,,,,,,,,,,,,,,,,,,0,3.000000e+000,5.000000e-001,5,1,7.847290e-001,0,0,0,
1711708345.484,,0.000000e+000,8.084471e+001,1.301651e-002,0.000000e+000,2.402011e-002,0.000000e+000,3,9.917000e-001,1.825000e+000,,,,,,,,,,,,,,,,,,0,3.000000e+000,5.000000e-001,5,1,8.573837e-001,0,0,0,
1711708406.976,,0.000000e+000,8.387978e+001,1.296110e-002,0.000000e+000,2.370204e-002,0.000000e+000,3,9.917499e-001,1.825000e+000,,,,,,,,,,,,,,,,,,0,3.000000e+000,5.000000e-001,5,1,9.536743e-001,0,0,0,
1711708469.661,,0.000000e+000,8.701382e+001,1.290120e-002,0.000000e+000,2.335321e-002,0.000000e+000,3,9.918481e-001,1.825000e+000,,,,,,,,,,,,,,,,,,0,3.000000e+000,5.000000e-001,5,1,9.498978e-001,0,0,0,
1711708532.588,,0.000000e+000,9.016613e+001,1.283896e-002,0.000000e+000,2.317765e-002,0.000000e+000,3,9.918588e-001,1.825000e+000,,,,,,,,,,,,,,,,,,0,3.000000e+000,5.000000e-001,5,1,8.289642e-001,0,0,0,
1711708589.521,,0.000000e+000,9.300922e+001,1.278133e-002,0.000000e+000,2.281791e-002,0.000000e+000,3,9.918530e-001,1.825000e+000,,,,,,,,,,,,,,,,,,0,3.000000e+000,5.000000e-001,5,1,9.389267e-001,0,0,0,
1711708649.206,,0.000000e+000,9.605706e+001,1.271875e-002,0.000000e+000,2.245759e-002,0.000000e+000,3,9.918392e-001,1.825000e+000,,,,,,,,,,,,,,,,,,0,3.000000e+000,5.000000e-001,5,1,9.686737e-001,0,0,0,
1711708707.391,,0.000000e+000,9.897735e+001,1.265513e-002,0.000000e+000,2.237828e-002,0.000000e+000,3,9.918898e-001,1.825000e+000,,,,,,,,,,,,,,,,,,0,3.000000e+000,5.000000e-001,5,1,7.273102e-001,0,1,0,
1711708771.733,,0.000000e+000,1.021245e+002,1.258362e-002,0.000000e+000,2.199300e-002,0.000000e+000,3,9.917665e-001,1.825000e+000,,,,,,,,,,,,,,,,,,0,3.000000e+000,5.000000e-001,5,1,8.273010e-001,0,1,0,
1711708828.138,,0.000000e+000,1.049660e+002,1.251882e-002,0.000000e+000,2.173890e-002,0.000000e+000,3,9.918859e-001,1.825000e+000,,,,,,,,,,,,,,,,,,0,3.000000e+000,5.000000e-001,5,1,7.510986e-001,0,1,0,
1711708885.811,,0.000000e+000,1.079090e+002,1.245153e-002,0.000000e+000,2.143431e-002,0.000000e+000,3,9.919928e-001,1.825000e+000,,,,,,,,,,,,,,,,,,0,3.000000e+000,5.000000e-001,5,1,8.567047e-001,0,1,0,
1711708947.244,,0.000000e+000,1.110059e+002,1.237663e-002,0.000000e+000,2.102438e-002,0.000000e+000,3,9.918255e-001,1.825000e+000,,,,,,,,,,,,,,,,,,0,3.000000e+000,5.000000e-001,5,1,8.488007e-001,0,1,0,
1711709011.442,,0.000000e+000,1.142094e+002,1.229712e-002,0.000000e+000,2.064632e-002,0.000000e+000,3,9.919995e-001,1.825000e+000,,,,,,,,,,,,,,,,,,0,3.000000e+000,5.000000e-001,5,1,9.460068e-001,0,0,0,
1711709070.147,,0.000000e+000,1.170798e+002,1.222236e-002,0.000000e+000,2.042567e-002,0.000000e+000,3,9.920455e-001,1.825000e+000,,,,,,,,,,,,,,,,,,0,3.000000e+000,5.000000e-001,5,1,8.302002e-001,0,0,0,
1711709128.064,,0.000000e+000,1.199747e+002,1.214862e-002,0.000000e+000,2.015731e-002,0.000000e+000,3,9.920099e-001,1.825000e+000,,,,,,,,,,,,,,,,,,0,3.000000e+000,5.000000e-001,5,1,6.194992e-001,0,0,0,
1711709187.678,,0.000000e+000,1.229980e+002,1.206899e-002,0.000000e+000,1.963595e-002,0.000000e+000,3,9.920720e-001,1.825000e+000,,,,,,,,,,,,,,,,,,0,3.000000e+000,5.000000e-001,5,1,7.166977e-001,0,0,0,
1711709254.518,,0.000000e+000,1.263006e+002,1.198006e-002,0.000000e+000,1.918674e-002,0.000000e+000,3,9.920550e-001,1.825000e+000,,,,,,,,,,,,,,,,,,0,3.000000e+000,5.000000e-001,5,1,8.106995e-001,0,0,0,
1711709307.968,,0.000000e+000,1.289720e+002,1.190792e-002,0.000000e+000,1.872921e-002,0.000000e+000,3,9.920681e-001,1.825000e+000,,,,,,,,,,,,,,,,,,0,3.000000e+000,5.000000e-001,5,1,9.017029e-001,0,0,0,
1711709370.151,,0.000000e+000,1.321057e+002,1.182440e-002,0.000000e+000,1.816549e-002,0.000000e+000,3,9.921410e-001,1.825000e+000,,,,,,,,,,,,,,,,,,0,3.000000e+000,5.000000e-001,5,1,9.893036e-001,0,0,0,
1711709432.866,,0.000000e+000,1.352677e+002,1.173830e-002,0.000000e+000,1.762817e-002,0.000000e+000,3,9.921348e-001,1.825000e+000,,,,,,,,,,,,,,,,,,0,3.000000e+000,5.000000e-001,5,1,9.862061e-001,0,0,0,
1711709494.794,,0.000000e+000,1.383450e+002,1.164993e-002,0.000000e+000,1.716091e-002,0.000000e+000,3,9.922450e-001,1.825000e+000,,,,,,,,,,,,,,,,,,0,3.000000e+000,5.000000e-001,5,1,8.738098e-001,0,0,0,
1711709549.527,,0.000000e+000,1.410034e+002,1.157598e-002,0.000000e+000,1.656536e-002,0.000000e+000,3,9.921581e-001,1.825000e+000,,,,,,,,,,,,,,,,,,0,3.000000e+000,5.000000e-001,5,1,9.638062e-001,0,0,0,
1711709612.988,,0.000000e+000,1.442373e+002,1.148336e-002,0.000000e+000,1.594675e-002,0.000000e+000,3,9.921960e-001,1.825000e+000,,,,,,,,,,,,,,,,,,0,3.000000e+000,5.000000e-001,5,1,9.532013e-001,0,0,0,
1711709669.653,,0.000000e+000,1.470355e+002,1.140173e-002,0.000000e+000,1.544660e-002,0.000000e+000,3,9.922842e-001,1.825000e+000,,,,,,,,,,,,,,,,,,0,3.000000e+000,5.000000e-001,5,1,1.028702e+000,0,1,0,
1711709739.093,,0.000000e+000,1.505830e+002,1.130267e-002,0.000000e+000,1.473908e-002,0.000000e+000,3,9.921579e-001,1.825000e+000,,,,,,,,,,,,,,,,,,0,3.000000e+000,5.000000e-001,5,1,7.248993e-001,0,1,0,
1711709790.012,,0.000000e+000,1.531443e+002,1.122813e-002,0.000000e+000,1.437760e-002,0.000000e+000,3,9.921240e-001,1.825000e+000,,,,,,,,,,,,,,,,,,0,3.000000e+000,5.000000e-001,5,1,7.160950e-001,0,1,0,
1711709849.684,,0.000000e+000,1.561217e+002,1.113692e-002,0.000000e+000,1.384675e-002,0.000000e+000,3,9.922259e-001,1.825000e+000,,,,,,,,,,,,,,,,,,0,3.000000e+000,5.000000e-001,5,1,7.092896e-001,0,1,0,
1711709910.113,,0.000000e+000,1.591370e+002,1.104785e-002,0.000000e+000,1.344327e-002,0.000000e+000,3,9.921629e-001,1.825000e+000,,,,,,,,,,,,,,,,,,0,3.000000e+000,5.000000e-001,5,1,8.029938e-001,0,0,0,
1711709977.547,,0.000000e+000,1.624484e+002,1.094669e-002,0.000000e+000,1.296847e-002,0.000000e+000,3,9.921190e-001,1.825000e+000,,,,,,,,,,,,,,,,,,0,3.000000e+000,5.000000e-001,5,1,8.132019e-001,0,0,0,
1711710029.468,,0.000000e+000,1.650583e+002,1.086713e-002,0.000000e+000,1.247727e-002,0.000000e+000,3,9.921554e-001,1.825000e+000,,,,,,,,,,,,,,,,,,0,3.000000e+000,5.000000e-001,5,1,9.911041e-001,0,0,0,
1711710091.153,,0.000000e+000,1.682332e+002,1.077315e-002,0.000000e+000,1.209574e-002,0.000000e+000,3,9.921122e-001,1.825000e+000,,,,,,,,,,,,,,,,,,0,3.000000e+000,5.000000e-001,5,1,8.007050e-001,0,0,0,
1711710154.078,,0.000000e+000,1.712838e+002,1.067558e-002,0.000000e+000,1.143839e-002,0.000000e+000,3,9.922073e-001,1.825000e+000,,,,,,,,,,,,,,,,,,0,3.000000e+000,5.000000e-001,5,1,9.845886e-001,0,0,0,
1711710216.521,,0.000000e+000,1.744525e+002,1.058134e-002,0.000000e+000,1.095202e-002,0.000000e+000,3,9.922099e-001,1.825000e+000,,,,,,,,,,,,,,,,,,0,3.000000e+000,5.000000e-001,5,1,1.075897e+000,0,0,0,
1711710272.698,,0.000000e+000,1.773067e+002,1.049492e-002,0.000000e+000,1.039326e-002,0.000000e+000,3,9.922283e-001,1.825000e+000,,,,,,,,,,,,,,,,,,0,3.000000e+000,5.000000e-001,5,1,9.508972e-001,0,0,0,
1711710333.123,,0.000000e+000,1.802725e+002,1.039973e-002,0.000000e+000,9.878146e-003,0.000000e+000,3,9.922338e-001,1.825000e+000,,,,,,,,,,,,,,,,,,0,3.000000e+000,5.000000e-001,5,1,9.640045e-001,0,0,0,
1711710391.334,,0.000000e+000,1.832213e+002,1.031066e-002,0.000000e+000,9.220758e-003,0.000000e+000,3,9.921443e-001,1.825000e+000,,,,,,,,,,,,,,,,,,0,3.000000e+000,5.000000e-001,5,1,9.497986e-001,0,0,0,
1711710459.051,,0.000000e+000,1.866036e+002,1.020652e-002,0.000000e+000,8.601941e-003,0.000000e+000,3,9.921815e-001,1.825000e+000,,,,,,,,,,,,,,,,,,0,3.000000e+000,5.000000e-001,5,1,9.373932e-001,0,0,0,
1711710511.732,,0.000000e+000,1.892625e+002,1.012616e-002,0.000000e+000,8.035295e-003,0.000000e+000,3,9.921778e-001,1.825000e+000,,,,,,,,,,,,,,,,,,0,3.000000e+000,5.000000e-001,5,1,8.401947e-001,0,0,0,
1711710570.154,,0.000000e+000,1.922077e+002,1.003634e-002,0.000000e+000,7.465794e-003,0.000000e+000,3,9.922591e-001,1.825000e+000,,,,,,,,,,,,,,,,,,0,3.000000e+000,5.000000e-001,5,1,6.026917e-001,0,1,0,
1711710634.078,,0.000000e+000,1.953571e+002,9.939200e-003,0.000000e+000,6.842260e-003,0.000000e+000,3,9.922923e-001,1.825000e+000,,,,,,,,,,,,,,,,,,0,3.000000e+000,5.000000e-001,5,1,7.017975e-001,0,1,0,
1711710701.256,,0.000000e+000,1.987560e+002,9.839779e-003,0.000000e+000,6.162374e-003,0.000000e+000,3,9.922459e-001,1.825000e+000,,,,,,,,,,,,,,,,,,0,3.000000e+000,5.000000e-001,5,1,7.149048e-001,0,1,0,
1711710753.415,,0.000000e+000,2.013629e+002,9.761740e-003,0.000000e+000,5.666923e-003,0.000000e+000,3,9.923118e-001,1.825000e+000,,,,,,,,,,,,,,,,,,0,3.000000e+000,5.000000e-001,5,1,9.132996e-001,0,1,0,
1711710813.108,,0.000000e+000,2.042696e+002,9.672727e-003,0.000000e+000,5.287172e-003,0.000000e+000,3,9.922670e-001,1.825000e+000,,,,,,,,,,,,,,,,,,0,3.000000e+000,5.000000e-001,5,1,9.167938e-001,0,1,0,
1711710877.282,,0.000000e+000,2.074759e+002,9.577706e-003,0.000000e+000,4.861247e-003,0.000000e+000,3,9.923583e-001,1.825000e+000,,,,,,,,,,,,,,,,,,0,3.000000e+000,5.000000e-001,5,1,9.897003e-001,0,0,0,
1711710942.984,,0.000000e+000,2.108080e+002,9.485005e-003,0.000000e+000,4.571019e-003,0.000000e+000,3,9.921782e-001,1.825000e+000,,,,,,,,,,,,,,,,,,0,3.000000e+000,5.000000e-001,5,1,8.294983e-001,0,0,0,
1711710993.851,,0.000000e+000,2.133670e+002,9.411133e-003,0.000000e+000,4.285572e-003,0.000000e+000,3,9.921590e-001,1.825000e+000,,,,,,,,,,,,,,,,,,0,3.000000e+000,5.000000e-001,5,1,8.135986e-001,0,0,0,
1711711055.017,,0.000000e+000,2.163986e+002,9.323221e-003,0.000000e+000,3.974358e-003,0.000000e+000,3,9.922882e-001,1.825000e+000,,,,,,,,,,,,,,,,,,0,3.000000e+000,5.000000e-001,5,1,8.058014e-001,0,0,0,
1711711115.722,,0.000000e+000,2.194464e+002,9.235014e-003,0.000000e+000,3.698993e-003,0.000000e+000,3,9.922178e-001,1.825000e+000,,,,,,,,,,,,,,,,,,0,3.000000e+000,5.000000e-001,5,1,8.970032e-001,0,0,0,
1711711179.441,,0.000000e+000,2.226753e+002,9.144883e-003,0.000000e+000,3.292913e-003,0.000000e+000,3,9.922080e-001,1.825000e+000,,,,,,,,,,,,,,,,,,0,3.000000e+000,5.000000e-001,5,1,7.357941e-001,0,0,0,
1711711231.393,,0.000000e+000,2.252370e+002,9.072214e-003,0.000000e+000,2.985078e-003,0.000000e+000,3,9.921989e-001,1.825000e+000,,,,,,,,,,,,,,,,,,0,3.000000e+000,5.000000e-001,5,1,7.192993e-001,0,0,0,
1711711293.837,,0.000000e+000,2.284050e+002,8.986095e-003,0.000000e+000,2.450902e-003,0.000000e+000,3,9.922271e-001,1.825000e+000,,,,,,,,,,,,,,,,,,0,3.000000e+000,5.000000e-001,5,1,9.087982e-001,0,0,0,
1711711354.540,,0.000000e+000,2.313854e+002,8.901744e-003,0.000000e+000,2.155503e-003,0.000000e+000,3,9.922652e-001,1.825000e+000,,,,,,,,,,,,,,,,,,0,3.000000e+000,5.000000e-001,5,1,8.068085e-001,0,0,0,
1711711417.498,,0.000000e+000,2.345304e+002,8.815720e-003,0.000000e+000,1.751245e-003,0.000000e+000,3,9.923038e-001,1.825000e+000,,,,,,,,,,,,,,,,,,0,3.000000e+000,5.000000e-001,5,1,6.927948e-001,0,0,0,
1711711474.467,,0.000000e+000,2.373745e+002,8.736762e-003,0.000000e+000,1.293940e-003,0.000000e+000,3,9.924253e-001,1.825000e+000,,,,,,,,,,,,,,,,,,0,3.000000e+000,5.000000e-001,5,1,8.337097e-001,0,1,0,
1711711534.413,,0.000000e+000,2.402982e+002,8.658045e-003,0.000000e+000,9.373057e-004,0.000000e+000,3,9.922924e-001,1.825000e+000,,,,,,,,,,,,,,,,,,0,3.000000e+000,5.000000e-001,5,1,9.439087e-001,0,1,0,
1711711593.857,,0.000000e+000,2.433738e+002,8.577912e-003,0.000000e+000,6.339515e-004,0.000000e+000,3,9.922852e-001,1.825000e+000,,,,,,,,,,,,,,,,,,0,3.000000e+000,5.000000e-001,5,1,7.451019e-001,0,1,0,
1711711678.964,,0.000000e+000,2.476834e+002,8.462653e-003,0.000000e+000,2.911705e-004,0.000000e+000,3,9.924088e-001,1.825000e+000,,,,,,,,,,,,,,,,,,0,3.000000e+000,5.000000e-001,5,1,6.519012e-001,0,1,0,
1711711719.179,,0.000000e+000,2.495943e+002,8.411014e-003,0.000000e+000,2.390398e-004,0.000000e+000,3,9.923802e-001,1.825000e+000,,,,,,,,,,,,,,,,,,0,3.000000e+000,5.000000e-001,5,1,8.635864e-001,0,1,0,
1711711777.361,,0.000000e+000,2.524510e+002,8.334506e-003,0.000000e+000,2.509555e-004,0.000000e+000,3,9.922793e-001,1.825000e+000,,,,,,,,,,,,,,,,,,0,3.000000e+000,5.000000e-001,5,1,8.501129e-001,0,0,0,
1711711834.304,,0.000000e+000,2.554950e+002,8.259815e-003,0.000000e+000,6.181623e-005,0.000000e+000,3,9.921921e-001,1.825000e+000,,,,,,,,,,,,,,,,,,0,3.000000e+000,5.000000e-001,5,1,8.450012e-001,0,0,0,
1711711906.004,,0.000000e+000,2.589673e+002,8.165614e-003,0.000000e+000,6.579630e-005,0.000000e+000,3,9.923049e-001,1.825000e+000,,,,,,,,,,,,,,,,,,0,3.000000e+000,5.000000e-001,5,1,9.283752e-001,0,0,0,
1711711954.715,,0.000000e+000,2.614012e+002,8.102582e-003,0.000000e+000,3.342133e-004,0.000000e+000,3,9.922895e-001,1.825000e+000,,,,,,,,,,,,,,,,,,0,3.000000e+000,5.000000e-001,5,1,6.275024e-001,0,0,0,
1711712021.678,,0.000000e+000,2.645742e+002,8.016015e-003,0.000000e+000,3.356709e-004,0.000000e+000,3,9.921372e-001,1.825000e+000,,,,,,,,,,,,,,,,,,0,3.000000e+000,5.000000e-001,5,1,9.518127e-001,0,0,0,
1711712076.359,,0.000000e+000,2.675511e+002,7.943282e-003,0.000000e+000,2.635286e-004,0.000000e+000,3,9.922321e-001,1.825000e+000,,,,,,,,,,,,,,,,,,0,3.000000e+000,5.000000e-001,5,1,8.170776e-001,0,0,0,
1711712142.054,,0.000000e+000,2.707631e+002,7.857493e-003,0.000000e+000,4.235167e-004,0.000000e+000,3,9.922187e-001,1.825000e+000,,,,,,,,,,,,,,,,,,0,3.000000e+000,5.000000e-001,5,1,9.240112e-001,0,0,0,
1711712195.998,,0.000000e+000,2.735071e+002,7.788776e-003,0.000000e+000,5.236378e-004,0.000000e+000,3,9.923119e-001,1.825000e+000,,,,,,,,,,,,,,,,,,0,3.000000e+000,5.000000e-001,5,1,7.106018e-001,0,0,0,
1711712260.945,,0.000000e+000,2.766702e+002,7.708708e-003,0.000000e+000,7.621474e-004,0.000000e+000,3,9.923865e-001,1.825000e+000,,,,,,,,,,,,,,,,,,0,3.000000e+000,5.000000e-001,5,1,8.079834e-001,0,0,0,
1711712318.648,,0.000000e+000,2.795801e+002,7.638466e-003,0.000000e+000,9.896990e-004,0.000000e+000,3,9.924659e-001,1.825000e+000,,,,,,,,,,,,,,,,,,0,3.000000e+000,5.000000e-001,5,1,8.160095e-001,0,0,0,
1711712381.370,,0.000000e+000,2.827594e+002,7.564958e-003,0.000000e+000,1.141837e-003,0.000000e+000,3,9.924329e-001,1.825000e+000,,,,,,,,,,,,,,,,,,0,3.000000e+000,5.000000e-001,5,1,7.940063e-001,0,0,0,
1711712440.068,,0.000000e+000,2.856049e+002,7.496540e-003,0.000000e+000,1.339878e-003,0.000000e+000,3,9.922951e-001,1.825000e+000,,,,,,,,,,,,,,,,,,0,3.000000e+000,5.000000e-001,5,1,8.217163e-001,0,1,0,
1711712495.937,,0.000000e+000,2.885281e+002,7.429691e-003,0.000000e+000,1.613920e-003,0.000000e+000,3,9.923066e-001,1.825000e+000,,,,,,,,,,,,,,,,,,0,3.000000e+000,5.000000e-001,5,1,8.395081e-001,0,1,0,
1711712560.116,,0.000000e+000,2.916599e+002,7.352001e-003,0.000000e+000,2.234021e-003,0.000000e+000,3,9.922754e-001,1.825000e+000,,,,,,,,,,,,,,,,,,0,3.000000e+000,5.000000e-001,5,1,8.364868e-001,0,1,0,
1711712623.057,,0.000000e+000,2.949043e+002,7.276232e-003,0.000000e+000,2.957298e-003,0.000000e+000,3,9.923280e-001,1.825000e+000,,,,,,,,,,,,,,,,,,0,3.000000e+000,5.000000e-001,5,1,8.447876e-001,0,1,0,
1711712680.989,,0.000000e+000,2.976316e+002,7.208741e-003,0.000000e+000,3.753693e-003,0.000000e+000,3,9.921744e-001,1.825000e+000,,,,,,,,,,,,,,,,,,0,3.000000e+000,5.000000e-001,5,1,9.664001e-001,0,1,0,
1711712986.455,,0.000000e+000,3.000031e+002,7.080809e-003,0.000000e+000,5.937043e-003,0.000000e+000,3,9.920871e-001,1.825000e+000,,,,,,,,,,,,,,,,,,0,3.000000e+000,5.000000e-001,5,1,1.190186e-002,0,0,0,
1711723334.482,,0.000000e+000,5.002754e+000,3.052668e-002,0.000000e+000,2.441524e-002,0.000000e+000,3,9.918886e-001,1.825000e+000,,,,,,,,,,,,,,,,,,0,3.000000e+000,5.000000e-001,5,1,3.558636e-003,0,1,0,
1711723430.691,,0.000000e+000,8.690517e+000,2.526061e-002,0.000000e+000,2.498929e-002,0.000000e+000,3,9.918671e-001,1.825000e+000,,,,,,,,,,,,,,,,,,0,3.000000e+000,5.000000e-001,5,1,8.116684e-001,0,0,0,
1711723492.367,,0.000000e+000,1.145269e+001,2.226013e-002,0.000000e+000,2.528984e-002,0.000000e+000,3,9.918300e-001,1.825000e+000,,,,,,,,,,,,,,,,,,0,3.000000e+000,5.000000e-001,5,1,5.948696e-001,0,0,0,
1711723561.551,,0.000000e+000,1.470185e+001,2.015871e-002,0.000000e+000,2.536880e-002,0.000000e+000,3,9.917936e-001,1.825000e+000,,,,,,,,,,,,,,,,,,0,3.000000e+000,5.000000e-001,5,1,7.824297e-001,0,0,0,
1711723627.152,,0.000000e+000,1.796025e+001,1.880638e-002,0.000000e+000,2.540606e-002,0.000000e+000,3,9.918376e-001,1.825000e+000,,,,,,,,,,,,,,,,,,0,3.000000e+000,5.000000e-001,5,1,9.224091e-001,0,0,0,
1711723681.571,,0.000000e+000,2.069846e+001,1.794598e-002,0.000000e+000,2.546909e-002,0.000000e+000,3,9.917814e-001,1.825000e+000,,,,,,,,,,,,,,,,,,0,3.000000e+000,5.000000e-001,5,1,7.012997e-001,0,0,0,
1711723741.674,,0.000000e+000,2.367170e+001,1.718161e-002,0.000000e+000,2.543589e-002,0.000000e+000,3,9.918441e-001,1.825000e+000,,,,,,,,,,,,,,,,,,0,3.000000e+000,5.000000e-001,5,1,8.812599e-001,0,0,0,
1711723800.329,,0.000000e+000,2.667903e+001,1.655441e-002,0.000000e+000,2.540191e-002,0.000000e+000,3,9.918171e-001,1.825000e+000,,,,,,,,,,,,,,,,,,0,3.000000e+000,5.000000e-001,5,1,6.672401e-001,0,0,0,
1711723867.185,,0.000000e+000,2.993665e+001,1.595122e-002,0.000000e+000,2.528229e-002,0.000000e+000,3,9.917637e-001,1.825000e+000,,,,,,,,,,,,,,,,,,0,3.000000e+000,5.000000e-001,5,1,8.582497e-001,0,0,0,
1711723922.086,,0.000000e+000,3.263749e+001,1.552958e-002,0.000000e+000,2.523657e-002,0.000000e+000,3,9.917533e-001,1.825000e+000,,,,,,,,,,,,,,,,,,0,3.000000e+000,5.000000e-001,5,1,8.017120e-001,0,0,0,
1711723986.028,,0.000000e+000,3.581646e+001,1.513523e-002,0.000000e+000,2.523787e-002,0.000000e+000,3,9.917365e-001,1.825000e+000,,,,,,,,,,,,,,,,,,0,3.000000e+000,5.000000e-001,5,1,8.465805e-001,0,0,0,
1711724047.503,,0.000000e+000,3.890627e+001,1.483939e-002,0.000000e+000,2.512434e-002,0.000000e+000,3,9.917890e-001,1.825000e+000,,,,,,,,,,,,,,,,,,0,3.000000e+000,5.000000e-001,5,1,7.256317e-001,0,0,0,
1711724109.961,,0.000000e+000,4.199706e+001,1.461025e-002,0.000000e+000,2.508984e-002,0.000000e+000,3,9.917777e-001,1.825000e+000,,,,,,,,,,,,,,,,,,0,3.000000e+000,5.000000e-001,5,1,9.261894e-001,0,0,0,
1711724169.392,,0.000000e+000,4.500813e+001,1.434794e-002,0.000000e+000,2.444528e-002,0.000000e+000,3,9.836538e-001,1.825000e+000,,,,,,,,,,,,,,,,,,0,3.000000e+000,5.000000e-001,5,1,8.029518e-001,0,1,0,
1711724224.345,,0.000000e+000,4.771432e+001,1.430656e-002,0.000000e+000,2.491271e-002,0.000000e+000,3,9.915758e-001,1.825000e+000,,,,,,,,,,,,,,,,,,0,3.000000e+000,5.000000e-001,5,1,8.514099e-001,0,1,0,
1711724283.282,,0.000000e+000,5.071567e+001,1.418531e-002,0.000000e+000,2.490849e-002,0.000000e+000,3,9.917116e-001,1.825000e+000,,,,,,,,,,,,,,,,,,0,3.000000e+000,5.000000e-001,5,1,7.372169e-001,0,1,0,
1711724352.218,,0.000000e+000,5.412391e+001,1.406104e-002,0.000000e+000,2.491358e-002,0.000000e+000,3,9.918121e-001,1.825000e+000,,,,,,,,,,,,,,,,,,0,3.000000e+000,5.000000e-001,5,1,8.358688e-001,0,1,0,
1711724403.388,,0.000000e+000,5.667519e+001,1.398325e-002,0.000000e+000,2.483003e-002,0.000000e+000,3,9.916847e-001,1.825000e+000,,,,,,,,,,,,,,,,,,0,3.000000e+000,5.000000e-001,5,1,7.271309e-001,0,1,0,
1711724464.831,,0.000000e+000,5.968402e+001,1.389580e-002,0.000000e+000,2.479612e-002,0.000000e+000,3,9.918160e-001,1.825000e+000,,,,,,,,,,,,,,,,,,0,3.000000e+000,5.000000e-001,5,1,9.211998e-001,0,0,0,
1711724527.507,,0.000000e+000,6.294087e+001,1.381811e-002,0.000000e+000,2.457693e-002,0.000000e+000,3,9.917344e-001,1.825000e+000,,,,,,,,,,,,,,,,,,0,3.000000e+000,5.000000e-001,5,1,7.044029e-001,0,0,0,
1711724592.951,,0.000000e+000,6.612623e+001,1.374671e-002,0.000000e+000,2.446784e-002,0.000000e+000,3,9.917392e-001,1.825000e+000,,,,,,,,,,,,,,,,,,0,3.000000e+000,5.000000e-001,5,1,8.011627e-001,0,0,0,
1711724648.617,,0.000000e+000,6.888110e+001,1.368848e-002,0.000000e+000,2.432185e-002,0.000000e+000,3,9.917688e-001,1.825000e+000,,,,,,,,,,,,,,,,,,0,3.000000e+000,5.000000e-001,5,1,8.930664e-001,0,0,0,
1711724707.792,,0.000000e+000,7.190712e+001,1.363160e-002,0.000000e+000,2.401998e-002,0.000000e+000,3,9.917020e-001,1.825000e+000,,,,,,,,,,,,,,,,,,0,3.000000e+000,5.000000e-001,5,1,9.804382e-001,0,0,0,
1711724767.001,,0.000000e+000,7.483909e+001,1.357138e-002,0.000000e+000,2.391144e-002,0.000000e+000,3,9.918292e-001,1.825000e+000,,,,,,,,,,,,,,,,,,0,3.000000e+000,5.000000e-001,5,1,9.036102e-001,0,0,0,
1711724833.477,,0.000000e+000,7.829568e+001,1.350656e-002,0.000000e+000,2.350437e-002,0.000000e+000,3,9.917480e-001,1.825000e+000,,,,,,,,,,,,,,,,,,0,3.000000e+000,5.000000e-001,5,1,9.054718e-001,0,0,0,
1711724891.174,,0.000000e+000,8.108226e+001,1.344996e-002,0.000000e+000,2.322805e-002,0.000000e+000,3,9.916756e-001,1.825000e+000,,,,,,,,,,,,,,,,,,0,3.000000e+000,5.000000e-001,5,1,7.776947e-001,0,0,0,
1711724949.349,,0.000000e+000,8.400263e+001,1.339030e-002,0.000000e+000,2.300266e-002,0.000000e+000,3,9.917819e-001,1.825000e+000,,,,,,,,,,,,,,,,,,0,3.000000e+000,5.000000e-001,5,1,7.854309e-001,0,0,0,
1711725007.191,,0.000000e+000,8.699119e+001,1.332610e-002,0.000000e+000,2.267459e-002,0.000000e+000,3,9.918281e-001,1.825000e+000,,,,,,,,,,,,,,,,,,0,3.000000e+000,5.000000e-001,5,1,9.676208e-001,0,0,0,
1711725069.124,,0.000000e+000,8.999931e+001,1.325878e-002,0.000000e+000,2.242896e-002,0.000000e+000,3,9.917517e-001,1.825000e+000,,,,,,,,,,,,,,,,,,0,3.000000e+000,5.000000e-001,5,1,8.600006e-001,0,0,0,
1711725126.083,,0.000000e+000,9.290680e+001,1.319552e-002,0.000000e+000,2.201885e-002,0.000000e+000,3,9.917826e-001,1.825000e+000,,,,,,,,,,,,,,,,,,0,3.000000e+000,5.000000e-001,5,1,9.575119e-001,0,0,0,
1711725190.061,,0.000000e+000,9.603593e+001,1.311968e-002,0.000000e+000,2.182538e-002,0.000000e+000,3,9.918910e-001,1.825000e+000,,,,,,,,,,,,,,,,,,0,3.000000e+000,5.000000e-001,5,1,7.969437e-001,0,0,0,
1711725246.734,,0.000000e+000,9.887041e+001,1.305304e-002,0.000000e+000,2.153816e-002,0.000000e+000,3,9.917276e-001,1.825000e+000,,,,,,,,,,,,,,,,,,0,3.000000e+000,5.000000e-001,5,1,9.238586e-001,0,1,0,
1711725319.096,,0.000000e+000,1.024881e+002,1.295955e-002,0.000000e+000,2.120058e-002,0.000000e+000,3,9.919541e-001,1.825000e+000,,,,,,,,,,,,,,,,,,0,3.000000e+000,5.000000e-001,5,1,9.611969e-001,0,1,0,
1711725367.492,,0.000000e+000,1.049476e+002,1.290197e-002,0.000000e+000,2.097975e-002,0.000000e+000,3,9.918703e-001,1.825000e+000,,,,,,,,,,,,,,,,,,0,3.000000e+000,5.000000e-001,5,1,9.681015e-001,0,1,0,
1711725427.421,,0.000000e+000,1.079446e+002,1.282452e-002,0.000000e+000,2.059980e-002,0.000000e+000,3,9.919456e-001,1.825000e+000,,,,,,,,,,,,,,,,,,0,3.000000e+000,5.000000e-001,5,1,9.682007e-001,0,1,0,
1711725487.613,,0.000000e+000,1.110445e+002,1.274533e-002,0.000000e+000,2.034007e-002,0.000000e+000,3,9.919027e-001,1.825000e+000,,,,,,,,,,,,,,,,,,0,3.000000e+000,5.000000e-001,5,1,7.501984e-001,0,1,0,
1711725550.290,,0.000000e+000,1.141008e+002,1.266031e-002,0.000000e+000,2.010217e-002,0.000000e+000,3,9.919263e-001,1.825000e+000,,,,,,,,,,,,,,,,,,0,3.000000e+000,5.000000e-001,5,1,7.362061e-001,0,0,0,
1711725605.464,,0.000000e+000,1.169727e+002,1.258495e-002,0.000000e+000,1.968168e-002,0.000000e+000,3,9.920043e-001,1.825000e+000,,,,,,,,,,,,,,,,,,0,3.000000e+000,5.000000e-001,5,1,8.326035e-001,0,0,0,
1711725668.657,,0.000000e+000,1.199760e+002,1.249650e-002,0.000000e+000,1.919192e-002,0.000000e+000,3,9.920422e-001,1.825000e+000,,,,,,,,,,,,,,,,,,0,3.000000e+000,5.000000e-001,5,1,1.035301e+000,0,0,0,
1711725726.588,,0.000000e+000,1.230495e+002,1.241560e-002,0.000000e+000,1.881517e-002,0.000000e+000,3,9.919692e-001,1.825000e+000,,,,,,,,,,,,,,,,,,0,3.000000e+000,5.000000e-001,5,1,8.196945e-001,0,0,0,
1711725795.287,,0.000000e+000,1.263540e+002,1.231623e-002,0.000000e+000,1.850784e-002,0.000000e+000,3,9.920618e-001,1.825000e+000,,,,,,,,,,,,,,,,,,0,3.000000e+000,5.000000e-001,5,1,7.038040e-001,0,0,0,
1711725848.960,,0.000000e+000,1.290784e+002,1.224073e-002,0.000000e+000,1.787860e-002,0.000000e+000,3,9.920622e-001,1.825000e+000,,,,,,,,,,,,,,,,,,0,3.000000e+000,5.000000e-001,5,1,6.982117e-001,0,0,0,
1711725913.887,,0.000000e+000,1.323531e+002,1.214765e-002,0.000000e+000,1.732947e-002,0.000000e+000,3,9.920514e-001,1.825000e+000,,,,,,,,,,,,,,,,,,0,3.000000e+000,5.000000e-001,5,1,8.952942e-001,0,0,0,
1711725966.062,,0.000000e+000,1.350175e+002,1.207382e-002,0.000000e+000,1.692717e-002,0.000000e+000,3,9.920825e-001,1.825000e+000,,,,,,,,,,,,,,,,,,0,3.000000e+000,5.000000e-001,5,1,8.770905e-001,0,0,0,
1711726033.998,,0.000000e+000,1.383423e+002,1.197672e-002,0.000000e+000,1.625133e-002,0.000000e+000,3,9.920187e-001,1.825000e+000,,,,,,,,,,,,,,,,,,0,3.000000e+000,5.000000e-001,5,1,8.791046e-001,0,0,0,
1711726093.430,,0.000000e+000,1.412898e+002,1.188656e-002,0.000000e+000,1.575380e-002,0.000000e+000,3,9.921752e-001,1.825000e+000,,,,,,,,,,,,,,,,,,0,3.000000e+000,5.000000e-001,5,1,9.727936e-001,0,0,0,
1711726149.284,,0.000000e+000,1.441438e+002,1.180320e-002,0.000000e+000,1.505428e-002,0.000000e+000,3,9.922257e-001,1.825000e+000,,,,,,,,,,,,,,,,,,0,3.000000e+000,5.000000e-001,5,1,9.577026e-001,0,0,0,
1711726210.693,,0.000000e+000,1.472677e+002,1.171079e-002,0.000000e+000,1.447002e-002,0.000000e+000,3,9.922474e-001,1.825000e+000,,,,,,,,,,,,,,,,,,0,3.000000e+000,5.000000e-001,5,1,9.078979e-001,0,1,0,
1711726273.887,,0.000000e+000,1.503382e+002,1.161638e-002,0.000000e+000,1.403105e-002,0.000000e+000,3,9.922388e-001,1.825000e+000,,,,,,,,,,,,,,,,,,0,3.000000e+000,5.000000e-001,5,1,9.187012e-001,0,1,0,
1711726335.311,,0.000000e+000,1.534653e+002,1.152523e-002,0.000000e+000,1.346009e-002,0.000000e+000,3,9.920615e-001,1.825000e+000,,,,,,,,,,,,,,,,,,0,3.000000e+000,5.000000e-001,5,1,8.143005e-001,0,1,0,
1711726390.005,,0.000000e+000,1.562304e+002,1.143898e-002,0.000000e+000,1.304517e-002,0.000000e+000,3,9.920877e-001,1.825000e+000,,,,,,,,,,,,,,,,,,0,3.000000e+000,5.000000e-001,5,1,8.220978e-001,0,1,0,
1711726447.181,,0.000000e+000,1.591060e+002,1.134961e-002,0.000000e+000,1.255549e-002,0.000000e+000,3,9.922106e-001,1.825000e+000,,,,,,,,,,,,,,,,,,0,3.000000e+000,5.000000e-001,5,1,6.190033e-001,0,1,0,
1711726514.402,,0.000000e+000,1.623353e+002,1.124480e-002,0.000000e+000,1.201738e-002,0.000000e+000,3,9.920601e-001,1.825000e+000,,,,,,,,,,,,,,,,,,0,3.000000e+000,5.000000e-001,5,1,8.121948e-001,0,0,0,
1711726572.321,,0.000000e+000,1.652983e+002,1.115397e-002,0.000000e+000,1.160545e-002,0.000000e+000,3,9.922405e-001,1.825000e+000,,,,,,,,,,,,,,,,,,0,3.000000e+000,5.000000e-001,5,1,7.014923e-001,0,0,0,
1711726633.241,,0.000000e+000,1.683391e+002,1.105904e-002,0.000000e+000,1.101757e-002,0.000000e+000,3,9.919887e-001,1.825000e+000,,,,,,,,,,,,,,,,,,0,3.000000e+000,5.000000e-001,5,1,8.016968e-001,0,0,0,
1711726695.427,,0.000000e+000,1.713622e+002,1.096027e-002,0.000000e+000,1.053449e-002,0.000000e+000,3,9.921020e-001,1.825000e+000,,,,,,,,,,,,,,,,,,0,3.000000e+000,5.000000e-001,5,1,1.079300e+000,0,0,0,
1711726753.350,,0.000000e+000,1.743506e+002,1.086824e-002,0.000000e+000,1.009761e-002,0.000000e+000,3,9.920974e-001,1.825000e+000,,,,,,,,,,,,,,,,,,0,3.000000e+000,5.000000e-001,5,1,7.756958e-001,0,0,0,
1711726813.194,,0.000000e+000,1.773568e+002,1.077132e-002,0.000000e+000,9.502910e-003,0.000000e+000,3,9.922009e-001,1.825000e+000,,,,,,,,,,,,,,,,,,0,3.000000e+000,5.000000e-001,5,1,9.680939e-001,0,0,0,
1711726871.595,,0.000000e+000,1.802467e+002,1.067923e-002,0.000000e+000,8.787533e-003,0.000000e+000,3,9.920835e-001,1.825000e+000,,,,,,,,,,,,,,,,,,0,3.000000e+000,5.000000e-001,5,1,9.638062e-001,0,0,0,
1711726929.279,,0.000000e+000,1.831678e+002,1.058620e-002,0.000000e+000,8.338357e-003,0.000000e+000,3,9.921746e-001,1.825000e+000,,,,,,,,,,,,,,,,,,0,3.000000e+000,5.000000e-001,5,1,8.605042e-001,0,0,0,
1711726995.391,,0.000000e+000,1.864748e+002,1.048239e-002,0.000000e+000,7.612143e-003,0.000000e+000,3,9.921291e-001,1.825000e+000,,,,,,,,,,,,,,,,,,0,3.000000e+000,5.000000e-001,5,1,8.444061e-001,0,0,0,
1711727052.575,,0.000000e+000,1.893288e+002,1.039083e-002,0.000000e+000,7.008222e-003,0.000000e+000,3,9.922470e-001,1.825000e+000,,,,,,,,,,,,,,,,,,0,3.000000e+000,5.000000e-001,5,1,9.351959e-001,0,0,0,
1711727112.494,,0.000000e+000,1.923932e+002,1.030400e-002,0.000000e+000,6.595348e-003,0.000000e+000,3,9.922910e-001,1.825000e+000,,,,,,,,,,,,,,,,,,0,3.000000e+000,5.000000e-001,5,1,9.349060e-001,0,1,0,
1711727172.677,,0.000000e+000,1.953376e+002,1.020503e-002,0.000000e+000,5.718060e-003,0.000000e+000,3,9.922345e-001,1.825000e+000,,,,,,,,,,,,,,,,,,0,3.000000e+000,5.000000e-001,5,1,1.002304e+000,0,1,0,
1711727239.424,,0.000000e+000,1.986938e+002,1.009917e-002,0.000000e+000,5.152926e-003,0.000000e+000,3,9.923357e-001,1.825000e+000,,,,,,,,,,,,,,,,,,0,3.000000e+000,5.000000e-001,5,1,7.144012e-001,0,1,0,
1711727295.298,,0.000000e+000,2.013894e+002,1.001521e-002,0.000000e+000,4.784410e-003,0.000000e+000,3,9.922699e-001,1.825000e+000,,,,,,,,,,,,,,,,,,0,3.000000e+000,5.000000e-001,5,1,9.029999e-001,0,1,0,
1711727349.947,,0.000000e+000,2.042530e+002,9.931445e-003,0.000000e+000,4.174591e-003,0.000000e+000,3,9.922465e-001,1.825000e+000,,,,,,,,,,,,,,,,,,0,3.000000e+000,5.000000e-001,5,1,7.966003e-001,0,1,0,
1711727412.627,,0.000000e+000,2.073242e+002,9.836659e-003,0.000000e+000,3.774779e-003,0.000000e+000,3,9.922701e-001,1.825000e+000,,,,,,,,,,,,,,,,,,0,3.000000e+000,5.000000e-001,5,1,9.994965e-001,0,0,0,
1711727474.826,,0.000000e+000,2.104029e+002,9.743376e-003,0.000000e+000,3.628248e-003,0.000000e+000,3,9.922469e-001,1.825000e+000,,,,,,,,,,,,,,,,,,0,3.000000e+000,5.000000e-001,5,1,9.304047e-001,0,0,0,
1711727532.524,,0.000000e+000,2.133728e+002,9.656994e-003,0.000000e+000,3.251345e-003,0.000000e+000,3,9.922116e-001,1.825000e+000,,,,,,,,,,,,,,,,,,0,3.000000e+000,5.000000e-001,5,1,7.185974e-001,0,0,0,
1711727591.265,,0.000000e+000,2.163130e+002,9.570700e-003,0.000000e+000,2.942084e-003,0.000000e+000,3,9.921368e-001,1.825000e+000,,,,,,,,,,,,,,,,,,0,3.000000e+000,5.000000e-001,5,1,7.075958e-001,0,0,0,
1711727652.132,,0.000000e+000,2.193207e+002,9.482143e-003,0.000000e+000,2.621379e-003,0.000000e+000,3,9.921461e-001,1.825000e+000,,,,,,,,,,,,,,,,,,0,3.000000e+000,5.000000e-001,5,1,7.079926e-001,0,0,0,
1711727718.564,,0.000000e+000,2.225851e+002,9.384539e-003,0.000000e+000,2.276977e-003,0.000000e+000,3,9.922302e-001,1.825000e+000,,,,,,,,,,,,,,,,,,0,3.000000e+000,5.000000e-001,5,1,8.513031e-001,0,0,0,
1711727773.798,,0.000000e+000,2.253297e+002,9.304735e-003,0.000000e+000,1.942840e-003,0.000000e+000,3,9.923296e-001,1.825000e+000,,,,,,,,,,,,,,,,,,0,3.000000e+000,5.000000e-001,5,1,9.048920e-001,0,0,0,
1711727836.672,,0.000000e+000,2.285031e+002,9.213005e-003,0.000000e+000,1.477732e-003,0.000000e+000,3,9.922882e-001,1.825000e+000,,,,,,,,,,,,,,,,,,0,3.000000e+000,5.000000e-001,5,1,7.127075e-001,0,0,0,
1711727898.878,,0.000000e+000,2.316818e+002,9.125276e-003,0.000000e+000,9.354685e-004,0.000000e+000,3,9.922819e-001,1.825000e+000,,,,,,,,,,,,,,,,,,0,3.000000e+000,5.000000e-001,5,1,1.011002e+000,0,0,0,
1711727958.818,,0.000000e+000,2.345952e+002,9.039994e-003,0.000000e+000,5.622826e-004,0.000000e+000,3,9.922427e-001,1.825000e+000,,,,,,,,,,,,,,,,,,0,3.000000e+000,5.000000e-001,5,1,1.007492e+000,0,0,0,
1711728014.268,,0.000000e+000,2.373744e+002,8.962911e-003,0.000000e+000,2.558908e-004,0.000000e+000,3,9.922884e-001,1.825000e+000,,,,,,,,,,,,,,,,,,0,3.000000e+000,5.000000e-001,5,1,7.899017e-001,0,0,0,
1711728073.949,,0.000000e+000,2.403170e+002,8.878432e-003,0.000000e+000,-1.969764e-004,0.000000e+000,3,9.922206e-001,1.825000e+000,,,,,,,,,,,,,,,,,,0,3.000000e+000,5.000000e-001,5,1,9.664917e-001,0,1,0,
1711728130.891,,0.000000e+000,2.433391e+002,8.801031e-003,0.000000e+000,-6.032477e-004,0.000000e+000,3,9.922817e-001,1.825000e+000,,,,,,,,,,,,,,,,,,0,3.000000e+000,5.000000e-001,5,1,6.450958e-001,0,1,0,
1711728200.776,,0.000000e+000,2.467966e+002,8.704690e-003,0.000000e+000,-9.025462e-004,0.000000e+000,3,9.923071e-001,1.825000e+000,,,,,,,,,,,,,,,,,,0,3.000000e+000,5.000000e-001,5,1,9.472961e-001,0,1,0,
1711728251.169,,0.000000e+000,2.493522e+002,8.637554e-003,0.000000e+000,-1.028350e-003,0.000000e+000,3,9.921766e-001,1.825000e+000,,,,,,,,,,,,,,,,,,0,3.000000e+000,5.000000e-001,5,1,7.492065e-001,0,1,0,
1711728315.863,,0.000000e+000,2.524263e+002,8.550846e-003,0.000000e+000,-1.103351e-003,0.000000e+000,3,9.922348e-001,1.825000e+000,,,,,,,,,,,,,,,,,,0,3.000000e+000,5.000000e-001,5,1,9.324951e-001,0,1,0,
1711728393.122,,0.000000e+000,2.563597e+002,8.442746e-003,0.000000e+000,-1.246378e-003,0.000000e+000,3,9.922463e-001,1.825000e+000,,,,,,,,,,,,,,,,,,0,3.000000e+000,5.000000e-001,5,1,8.337097e-001,0,0,0,
1711728432.754,,0.000000e+000,2.583740e+002,8.389289e-003,0.000000e+000,-1.118192e-003,0.000000e+000,3,9.922382e-001,1.825000e+000,,,,,,,,,,,,,,,,,,0,3.000000e+000,5.000000e-001,5,1,7.427979e-001,0,0,0,
1711728500.967,,0.000000e+000,2.618353e+002,8.297080e-003,0.000000e+000,-1.141459e-003,0.000000e+000,3,9.921871e-001,1.825000e+000,,,,,,,,,,,,,,,,,,0,3.000000e+000,5.000000e-001,5,1,8.245850e-001,0,0,0,
1711728557.660,,0.000000e+000,2.645968e+002,8.218988e-003,0.000000e+000,-9.846431e-004,0.000000e+000,3,9.923519e-001,1.825000e+000,,,,,,,,,,,,,,,,,,0,3.000000e+000,5.000000e-001,5,1,9.248047e-001,0,0,0,
1711728618.100,,0.000000e+000,2.676487e+002,8.137159e-003,0.000000e+000,-8.974102e-004,0.000000e+000,3,9.922227e-001,1.825000e+000,,,,,,,,,,,,,,,,,,0,3.000000e+000,5.000000e-001,5,1,8.456116e-001,0,0,0,
1711728677.544,,0.000000e+000,2.705203e+002,8.057377e-003,0.000000e+000,-7.887041e-004,0.000000e+000,3,9.922535e-001,1.825000e+000,,,,,,,,,,,,,,,,,,0,3.000000e+000,5.000000e-001,5,1,8.937073e-001,0,0,0,
1711728744.242,,0.000000e+000,2.740242e+002,7.968268e-003,0.000000e+000,-7.094557e-004,0.000000e+000,3,9.922335e-001,1.825000e+000,,,,,,,,,,,,,,,,,,0,3.000000e+000,5.000000e-001,5,1,8.893127e-001,0,0,0,
1711728796.198,,0.000000e+000,2.764859e+002,7.901816e-003,0.000000e+000,-4.859849e-004,0.000000e+000,3,9.923190e-001,1.825000e+000,,,,,,,,,,,,,,,,,,0,3.000000e+000,5.000000e-001,5,1,8.964233e-001,0,0,0,
1711728856.644,,0.000000e+000,2.795190e+002,7.825777e-003,0.000000e+000,-3.931879e-004,0.000000e+000,3,9.924530e-001,1.825000e+000,,,,,,,,,,,,,,,,,,0,3.000000e+000,5.000000e-001,5,1,8.970947e-001,0,0,0,
1711728918.093,,0.000000e+000,2.826028e+002,7.750298e-003,0.000000e+000,-1.826279e-004,0.000000e+000,3,9.924059e-001,1.825000e+000,,,,,,,,,,,,,,,,,,0,3.000000e+000,5.000000e-001,5,1,7.929993e-001,0,1,0,
1711728981.292,,0.000000e+000,2.857707e+002,7.670576e-003,0.000000e+000,6.895773e-005,0.000000e+000,3,9.924476e-001,1.825000e+000,,,,,,,,,,,,,,,,,,0,3.000000e+000,5.000000e-001,5,1,9.616089e-001,0,1,0,
1711729038.411,,0.000000e+000,2.886208e+002,7.599143e-003,0.000000e+000,4.233558e-004,0.000000e+000,3,9.924435e-001,1.825000e+000,,,,,,,,,,,,,,,,,,0,3.000000e+000,5.000000e-001,5,1,8.509827e-001,0,1,0,
1711729100.575,,0.000000e+000,2.917440e+002,7.522613e-003,0.000000e+000,1.089494e-003,0.000000e+000,3,9.923894e-001,1.825000e+000,,,,,,,,,,,,,,,,,,0,3.000000e+000,5.000000e-001,5,1,1.049072e+000,0,1,0,
1711729155.255,,0.000000e+000,2.945109e+002,7.456066e-003,0.000000e+000,1.820865e-003,0.000000e+000,3,9.923089e-001,1.825000e+000,,,,,,,,,,,,,,,,,,0,3.000000e+000,5.000000e-001,5,1,7.399902e-001,0,1,0,
1711729225.458,,0.000000e+000,2.980919e+002,7.312801e-003,0.000000e+000,1.501818e-003,0.000000e+000,3,9.822274e-001,1.825000e+000,,,,,,,,,,,,,,,,,,0,3.000000e+000,5.000000e-001,5,1,6.542053e-001,0,1,0,
1711729523.924,,0.000000e+000,2.999971e+002,7.248088e-003,0.000000e+000,4.618158e-003,0.000000e+000,3,9.920961e-001,1.825000e+000,,,,,,,,,,,,,,,,,,0,3.000000e+000,5.000000e-001,5,1,0.000000e+000,0,0,0,
