[Header]
TITLE,MPMS RSO Measurement
BYAPP,MPMS Measurement,1.1,Summary
FILEOPENTIME, 1711864556.353000 3/31/2024, 2:55:56 PM

INFO, APPNAME, MPMS MultiVu Application, Revision 1.60,  Build 081

INFO, NAME, PO-conc3
INFO, WEIGHT, 116.900
INFO, AREA, 0.000
INFO, LENGTH, 0.000
INFO, SHAPE, 0
INFO, COMMENT, 
INFO, SEQUENCE FILE: ZFC_FC.190512-3K.seq


INFO, BACKGROUND DATA FILE:, None


STARTUPAXIS,X,4,LINEAR,AUTO,0.000000,0.000000
STARTUPAXIS,Y1,5,LINEAR,AUTO,0.000000,0.000000


STARTUPGROUP,Longitudinal
FIELDGROUP,Longitudinal,1,2,3,4,5,6,7,8,9,10,11,19,20,21,22,23,35
FIELDGROUP,Transverse,1,2,3,4,12,13,14,15,16,17,18,24,25,26,27,28,35

PLOT_APPEARANCE,ALL,HORZ_GRID_ON,VERT_GRID_ON,MARKERS_AND_LINES

[Data]
Time,Comment,Field (Oe),Temperature (K),Long Moment (emu),Long Scan Std Dev,Long Offset (cm),Long Offset Std Dev,Long Algorithm,Long Reg Fit,Long Reg Factor,Trans Moment (emu),Trans Scan Std Dev,Trans Offset (cm),Trans Offset Std Dev,Trans Algorithm,Trans Reg Fit,Trans Reg Factor,Long Moment [w/o ABS] (emu),Long Scan Std Dev [w/o ABS],Long Offset [w/o ABS] (cm),Long Offset Std Dev [w/o ABS],Long Reg Fit [w/o ABS],Trans Moment [w/o ABS] (emu),Trans Scan Std Dev [w/o ABS],Trans Offset [w/o ABS] (cm),Trans Offset Std Dev [w/o ABS],Trans Reg Fit [w/o ABS],RSO Position (deg),Amplitude (cm),Frequency,Cycles to Average,Scans per Measurement,Delta Temp (K),Error,EC Comp. Running,Using ABS,
1711864556.352,,0.000000e+000,5.003185e+000,7.090706e-002,0.000000e+000,1.219349e-002,0.000000e+000,3,9.906842e-001,1.825000e+000,,,,,,,,,,,,,,,,,,0,3.000000e+000,5.000000e-001,5,1,2.696991e-003,0,1,0,
1711864649.072,,0.000000e+000,8.550514e+000,6.751798e-002,0.000000e+000,1.173392e-002,0.000000e+000,3,9.906114e-001,1.825000e+000,,,,,,,,,,,,,,,,,,0,3.000000e+000,5.000000e-001,5,1,6.224718e-001,0,1,0,
1711864717.260,,0.000000e+000,1.162267e+001,6.405840e-002,0.000000e+000,1.122322e-002,0.000000e+000,3,9.907549e-001,1.825000e+000,,,,,,,,,,,,,,,,,,0,3.000000e+000,5.000000e-001,5,1,7.357693e-001,0,1,0,
1711864784.707,,0.000000e+000,1.479113e+001,6.093989e-002,0.000000e+000,1.085458e-002,0.000000e+000,3,9.908276e-001,1.825000e+000,,,,,,,,,,,,,,,,,,0,3.000000e+000,5.000000e-001,5,1,9.299202e-001,0,0,0,
1711864845.056,,0.000000e+000,1.782335e+001,5.845529e-002,0.000000e+000,1.057403e-002,0.000000e+000,3,9.907570e-001,1.825000e+000,,,,,,,,,,,,,,,,,,0,3.000000e+000,5.000000e-001,5,1,7.267494e-001,0,0,0,
1711864899.704,,0.000000e+000,2.058283e+001,5.637365e-002,0.000000e+000,1.014835e-002,0.000000e+000,3,9.908827e-001,1.825000e+000,,,,,,,,,,,,,,,,,,0,3.000000e+000,5.000000e-001,5,1,7.110996e-001,0,0,0,
1711864962.132,,0.000000e+000,2.372458e+001,5.414453e-002,0.000000e+000,9.819395e-003,0.000000e+000,3,9.907324e-001,1.825000e+000,,,,,,,,,,,,,,,,,,0,3.000000e+000,5.000000e-001,5,1,7.891197e-001,0,0,0,
1711865025.082,,0.000000e+000,2.674714e+001,5.201221e-002,0.000000e+000,9.515749e-003,0.000000e+000,3,9.908029e-001,1.825000e+000,,,,,,,,,,,,,,,,,,0,3.000000e+000,5.000000e-001,5,1,9.652710e-001,0,0,0,
1711865091.268,,0.000000e+000,3.010144e+001,4.990041e-002,0.000000e+000,8.985066e-003,0.000000e+000,3,9.907669e-001,1.825000e+000,,,,,,,,,,,,,,,,,,0,3.000000e+000,5.000000e-001,5,1,9.526100e-001,0,0,0,
1711865143.943,,0.000000e+000,3.272260e+001,4.828295e-002,0.000000e+000,8.682698e-003,0.000000e+000,3,9.906226e-001,1.825000e+000,,,,,,,,,,,,,,,,,,0,3.000000e+000,5.000000e-001,5,1,6.967506e-001,0,0,0,
1711865206.866,,0.000000e+000,3.583065e+001,4.643235e-002,0.000000e+000,8.558670e-003,0.000000e+000,3,9.909318e-001,1.825000e+000,,,,,,,,,,,,,,,,,,0,3.000000e+000,5.000000e-001,5,1,8.425903e-001,0,0,0,
1711865263.793,,0.000000e+000,3.859312e+001,4.483132e-002,0.000000e+000,8.222119e-003,0.000000e+000,3,9.908505e-001,1.825000e+000,,,,,,,,,,,,,,,,,,0,3.000000e+000,5.000000e-001,5,1,9.285927e-001,0,0,0,
1711865329.742,,0.000000e+000,4.197852e+001,4.307142e-002,0.000000e+000,7.933751e-003,0.000000e+000,3,9.907770e-001,1.825000e+000,,,,,,,,,,,,,,,,,,0,3.000000e+000,5.000000e-001,5,1,9.083176e-001,0,0,0,
1711865387.926,,0.000000e+000,4.484911e+001,4.160422e-002,0.000000e+000,7.807147e-003,0.000000e+000,3,9.908304e-001,1.825000e+000,,,,,,,,,,,,,,,,,,0,3.000000e+000,5.000000e-001,5,1,7.951317e-001,0,0,0,
1711865451.858,,0.000000e+000,4.807263e+001,4.006927e-002,0.000000e+000,7.611859e-003,0.000000e+000,3,9.908240e-001,1.825000e+000,,,,,,,,,,,,,,,,,,0,3.000000e+000,5.000000e-001,5,1,6.879997e-001,0,0,0,
1711865505.803,,0.000000e+000,5.076019e+001,3.881902e-002,0.000000e+000,7.582626e-003,0.000000e+000,3,9.909919e-001,1.825000e+000,,,,,,,,,,,,,,,,,,0,3.000000e+000,5.000000e-001,5,1,9.414597e-001,0,1,0,
1711865571.737,,0.000000e+000,5.405083e+001,3.738513e-002,0.000000e+000,7.231755e-003,0.000000e+000,3,9.907713e-001,1.825000e+000,,,,,,,,,,,,,,,,,,0,3.000000e+000,5.000000e-001,5,1,6.248589e-001,0,1,0,
1711865626.678,,0.000000e+000,5.681450e+001,3.624084e-002,0.000000e+000,7.058394e-003,0.000000e+000,3,9.908575e-001,1.825000e+000,,,,,,,,,,,,,,,,,,0,3.000000e+000,5.000000e-001,5,1,9.308929e-001,0,1,0,
1711865688.103,,0.000000e+000,5.988162e+001,3.502246e-002,0.000000e+000,6.935150e-003,0.000000e+000,3,9.908667e-001,1.825000e+000,,,,,,,,,,,,,,,,,,0,3.000000e+000,5.000000e-001,5,1,1.028950e+000,0,1,0,
1711865747.539,,0.000000e+000,6.287294e+001,3.389697e-002,0.000000e+000,6.659152e-003,0.000000e+000,3,9.908013e-001,1.825000e+000,,,,,,,,,,,,,,,,,,0,3.000000e+000,5.000000e-001,5,1,8.248291e-001,0,1,0,
1711865811.518,,0.000000e+000,6.601925e+001,3.274474e-002,0.000000e+000,6.430520e-003,0.000000e+000,3,9.908900e-001,1.825000e+000,,,,,,,,,,,,,,,,,,0,3.000000e+000,5.000000e-001,5,1,1.015121e+000,0,0,0,
1711865867.471,,0.000000e+000,6.884160e+001,3.178042e-002,0.000000e+000,6.206857e-003,0.000000e+000,3,9.908398e-001,1.825000e+000,,,,,,,,,,,,,,,,,,0,3.000000e+000,5.000000e-001,5,1,7.903519e-001,0,0,0,
1711865923.407,,0.000000e+000,7.168142e+001,3.085936e-002,0.000000e+000,6.073403e-003,0.000000e+000,3,9.908003e-001,1.825000e+000,,,,,,,,,,,,,,,,,,0,3.000000e+000,5.000000e-001,5,1,7.014618e-001,0,0,0,
1711865984.626,,0.000000e+000,7.475573e+001,2.989576e-002,0.000000e+000,5.652980e-003,0.000000e+000,3,9.907466e-001,1.825000e+000,,,,,,,,,,,,,,,,,,0,3.000000e+000,5.000000e-001,5,1,8.948822e-001,0,0,0,
1711866054.351,,0.000000e+000,7.823773e+001,2.884024e-002,0.000000e+000,5.251899e-003,0.000000e+000,3,9.907241e-001,1.825000e+000,,,,,,,,,,,,,,,,,,0,3.000000e+000,5.000000e-001,5,1,9.833298e-001,0,0,0,
1711866109.446,,0.000000e+000,8.106308e+001,2.803417e-002,0.000000e+000,4.932335e-003,0.000000e+000,3,9.906942e-001,1.825000e+000,,,,,,,,,,,,,,,,,,0,3.000000e+000,5.000000e-001,5,1,9.616928e-001,0,0,0,
1711866168.765,,0.000000e+000,8.396071e+001,2.719793e-002,0.000000e+000,4.461419e-003,0.000000e+000,3,9.908044e-001,1.825000e+000,,,,,,,,,,,,,,,,,,0,3.000000e+000,5.000000e-001,5,1,9.467773e-001,0,0,0,
1711866225.453,,0.000000e+000,8.687042e+001,2.642769e-002,0.000000e+000,4.206556e-003,0.000000e+000,3,9.906657e-001,1.825000e+000,,,,,,,,,,,,,,,,,,0,3.000000e+000,5.000000e-001,5,1,8.519363e-001,0,0,0,
1711866292.386,,0.000000e+000,9.017685e+001,2.554037e-002,0.000000e+000,3.867440e-003,0.000000e+000,3,9.909251e-001,1.825000e+000,,,,,,,,,,,,,,,,,,0,3.000000e+000,5.000000e-001,5,1,1.042473e+000,0,0,0,
1711866347.556,,0.000000e+000,9.292714e+001,2.483823e-002,0.000000e+000,3.546841e-003,0.000000e+000,3,9.909189e-001,1.825000e+000,,,,,,,,,,,,,,,,,,0,3.000000e+000,5.000000e-001,5,1,9.271545e-001,0,0,0,
1711866408.488,,0.000000e+000,9.600266e+001,2.408582e-002,0.000000e+000,3.176845e-003,0.000000e+000,3,9.907920e-001,1.825000e+000,,,,,,,,,,,,,,,,,,0,3.000000e+000,5.000000e-001,5,1,9.676819e-001,0,0,0,
1711866469.670,,0.000000e+000,9.907751e+001,2.327436e-002,0.000000e+000,1.896959e-003,0.000000e+000,3,9.855011e-001,1.825000e+000,,,,,,,,,,,,,,,,,,0,3.000000e+000,5.000000e-001,5,1,9.562073e-001,0,1,0,
1711866531.903,,0.000000e+000,1.021712e+002,2.262347e-002,0.000000e+000,2.393446e-003,0.000000e+000,3,9.908049e-001,1.825000e+000,,,,,,,,,,,,,,,,,,0,3.000000e+000,5.000000e-001,5,1,7.214966e-001,0,1,0,
1711866584.863,,0.000000e+000,1.048511e+002,2.202259e-002,0.000000e+000,2.052292e-003,0.000000e+000,3,9.909706e-001,1.825000e+000,,,,,,,,,,,,,,,,,,0,3.000000e+000,5.000000e-001,5,1,7.432022e-001,0,1,0,
1711866644.787,,0.000000e+000,1.079015e+002,2.136328e-002,0.000000e+000,1.675311e-003,0.000000e+000,3,9.908832e-001,1.825000e+000,,,,,,,,,,,,,,,,,,0,3.000000e+000,5.000000e-001,5,1,6.415939e-001,0,1,0,
1711866724.829,,0.000000e+000,1.117993e+002,2.050125e-002,0.000000e+000,1.303433e-003,0.000000e+000,3,9.906862e-001,1.825000e+000,,,,,,,,,,,,,,,,,,0,3.000000e+000,5.000000e-001,5,1,7.452011e-001,0,1,0,
1711866770.741,,0.000000e+000,1.141231e+002,2.001762e-002,0.000000e+000,9.864816e-004,0.000000e+000,3,9.908533e-001,1.825000e+000,,,,,,,,,,,,,,,,,,0,3.000000e+000,5.000000e-001,5,1,7.364044e-001,0,0,0,
1711866832.191,,0.000000e+000,1.173140e+002,1.938297e-002,0.000000e+000,4.471780e-004,0.000000e+000,3,9.907854e-001,1.825000e+000,,,,,,,,,,,,,,,,,,0,3.000000e+000,5.000000e-001,5,1,8.330994e-001,0,0,0,
1711866891.118,,0.000000e+000,1.201228e+002,1.878883e-002,0.000000e+000,1.263704e-004,0.000000e+000,3,9.908689e-001,1.825000e+000,,,,,,,,,,,,,,,,,,0,3.000000e+000,5.000000e-001,5,1,1.037498e+000,0,0,0,
1711866947.042,,0.000000e+000,1.229660e+002,1.823690e-002,0.000000e+000,-1.732500e-004,0.000000e+000,3,9.908348e-001,1.825000e+000,,,,,,,,,,,,,,,,,,0,3.000000e+000,5.000000e-001,5,1,7.120972e-001,0,0,0,
1711867009.470,,0.000000e+000,1.260882e+002,1.763276e-002,0.000000e+000,-6.826119e-004,0.000000e+000,3,9.908217e-001,1.825000e+000,,,,,,,,,,,,,,,,,,0,3.000000e+000,5.000000e-001,5,1,8.215027e-001,0,0,0,
1711867073.402,,0.000000e+000,1.292999e+002,1.702928e-002,0.000000e+000,-1.140343e-003,0.000000e+000,3,9.906995e-001,1.825000e+000,,,,,,,,,,,,,,,,,,0,3.000000e+000,5.000000e-001,5,1,7.144012e-001,0,0,0,
1711867127.009,,0.000000e+000,1.319767e+002,1.653051e-002,0.000000e+000,-1.583734e-003,0.000000e+000,3,9.908475e-001,1.825000e+000,,,,,,,,,,,,,,,,,,0,3.000000e+000,5.000000e-001,5,1,8.085022e-001,0,0,0,
1711867189.428,,0.000000e+000,1.350929e+002,1.595855e-002,0.000000e+000,-2.133843e-003,0.000000e+000,3,9.908235e-001,1.825000e+000,,,,,,,,,,,,,,,,,,0,3.000000e+000,5.000000e-001,5,1,8.074036e-001,0,0,0,
1711867246.389,,0.000000e+000,1.379902e+002,1.544470e-002,0.000000e+000,-2.734659e-003,0.000000e+000,3,9.907326e-001,1.825000e+000,,,,,,,,,,,,,,,,,,0,3.000000e+000,5.000000e-001,5,1,8.016968e-001,0,0,0,
1711867314.855,,0.000000e+000,1.412701e+002,1.483333e-002,0.000000e+000,-3.208586e-003,0.000000e+000,3,9.907503e-001,1.825000e+000,,,,,,,,,,,,,,,,,,0,3.000000e+000,5.000000e-001,5,1,7.923126e-001,0,0,0,
1711867374.519,,0.000000e+000,1.443705e+002,1.430991e-002,0.000000e+000,-3.930882e-003,0.000000e+000,3,9.906649e-001,1.825000e+000,,,,,,,,,,,,,,,,,,0,3.000000e+000,5.000000e-001,5,1,8.923035e-001,0,0,0,
1711867430.905,,0.000000e+000,1.471707e+002,1.381704e-002,0.000000e+000,-4.494835e-003,0.000000e+000,3,9.906440e-001,1.825000e+000,,,,,,,,,,,,,,,,,,0,3.000000e+000,5.000000e-001,5,1,9.832916e-001,0,0,0,
1711867489.321,,0.000000e+000,1.501121e+002,1.330956e-002,0.000000e+000,-4.862369e-003,0.000000e+000,3,9.910002e-001,1.825000e+000,,,,,,,,,,,,,,,,,,0,3.000000e+000,5.000000e-001,5,1,9.893951e-001,0,1,0,
1711867557.758,,0.000000e+000,1.535735e+002,1.273195e-002,0.000000e+000,-5.572001e-003,0.000000e+000,3,9.908118e-001,1.825000e+000,,,,,,,,,,,,,,,,,,0,3.000000e+000,5.000000e-001,5,1,8.282013e-001,0,1,0,
1711867608.461,,0.000000e+000,1.560731e+002,1.230428e-002,0.000000e+000,-5.969662e-003,0.000000e+000,3,9.907867e-001,1.825000e+000,,,,,,,,,,,,,,,,,,0,3.000000e+000,5.000000e-001,5,1,9.254913e-001,0,1,0,
1711867671.154,,0.000000e+000,1.591407e+002,1.178372e-002,0.000000e+000,-6.392303e-003,0.000000e+000,3,9.907267e-001,1.825000e+000,,,,,,,,,,,,,,,,,,0,3.000000e+000,5.000000e-001,5,1,9.187012e-001,0,1,0,
1711867733.089,,0.000000e+000,1.622090e+002,1.126993e-002,0.000000e+000,-6.967601e-003,0.000000e+000,3,9.907359e-001,1.825000e+000,,,,,,,,,,,,,,,,,,0,3.000000e+000,5.000000e-001,5,1,9.230042e-001,0,1,0,
1711867795.013,,0.000000e+000,1.654042e+002,1.075818e-002,0.000000e+000,-7.331215e-003,0.000000e+000,3,9.907023e-001,1.825000e+000,,,,,,,,,,,,,,,,,,0,3.000000e+000,5.000000e-001,5,1,6.071930e-001,0,0,0,
1711867852.934,,0.000000e+000,1.682712e+002,1.028531e-002,0.000000e+000,-7.833356e-003,0.000000e+000,3,9.905304e-001,1.825000e+000,,,,,,,,,,,,,,,,,,0,3.000000e+000,5.000000e-001,5,1,9.069061e-001,0,0,0,
1711867914.282,,0.000000e+000,1.713578e+002,9.785173e-003,0.000000e+000,-8.206284e-003,0.000000e+000,3,9.908202e-001,1.825000e+000,,,,,,,,,,,,,,,,,,0,3.000000e+000,5.000000e-001,5,1,8.995056e-001,0,0,0,
1711867972.689,,0.000000e+000,1.742739e+002,9.311022e-003,0.000000e+000,-8.573046e-003,0.000000e+000,3,9.906827e-001,1.825000e+000,,,,,,,,,,,,,,,,,,0,3.000000e+000,5.000000e-001,5,1,7.832031e-001,0,0,0,
1711868037.628,,0.000000e+000,1.775656e+002,8.787450e-003,0.000000e+000,-9.052326e-003,0.000000e+000,3,9.907420e-001,1.825000e+000,,,,,,,,,,,,,,,,,,0,3.000000e+000,5.000000e-001,5,1,8.867035e-001,0,0,0,
1711868111.600,,0.000000e+000,1.813068e+002,8.196591e-003,0.000000e+000,-9.522136e-003,0.000000e+000,3,9.907948e-001,1.825000e+000,,,,,,,,,,,,,,,,,,0,3.000000e+000,5.000000e-001,5,1,9.658966e-001,0,0,0,
1711868153.008,,0.000000e+000,1.833279e+002,7.868972e-003,0.000000e+000,-9.750899e-003,0.000000e+000,3,9.906488e-001,1.825000e+000,,,,,,,,,,,,,,,,,,0,3.000000e+000,5.000000e-001,5,1,9.508057e-001,0,0,0,
1711868211.428,,0.000000e+000,1.862962e+002,7.409954e-003,0.000000e+000,-9.896850e-003,0.000000e+000,3,9.906138e-001,1.825000e+000,,,,,,,,,,,,,,,,,,0,3.000000e+000,5.000000e-001,5,1,9.436035e-001,0,0,0,
1711868277.611,,0.000000e+000,1.895607e+002,6.898057e-003,0.000000e+000,-1.001748e-002,0.000000e+000,3,9.905298e-001,1.825000e+000,,,,,,,,,,,,,,,,,,0,3.000000e+000,5.000000e-001,5,1,1.041504e+000,0,0,0,
1711868332.566,,0.000000e+000,1.923299e+002,6.481704e-003,0.000000e+000,-9.958642e-003,0.000000e+000,3,9.904792e-001,1.825000e+000,,,,,,,,,,,,,,,,,,0,3.000000e+000,5.000000e-001,5,1,9.246063e-001,0,0,0,
1711868394.497,,0.000000e+000,1.954077e+002,6.025686e-003,0.000000e+000,-9.696116e-003,0.000000e+000,3,9.903728e-001,1.825000e+000,,,,,,,,,,,,,,,,,,0,3.000000e+000,5.000000e-001,5,1,9.228973e-001,0,0,0,
1711868450.421,,0.000000e+000,1.981722e+002,5.626820e-003,0.000000e+000,-9.200846e-003,0.000000e+000,3,9.903386e-001,1.825000e+000,,,,,,,,,,,,,,,,,,0,3.000000e+000,5.000000e-001,5,1,7.006073e-001,0,1,0,
1711868517.661,,0.000000e+000,2.015702e+002,5.168117e-003,0.000000e+000,-8.575113e-003,0.000000e+000,3,9.902529e-001,1.825000e+000,,,,,,,,,,,,,,,,,,0,3.000000e+000,5.000000e-001,5,1,9.044952e-001,0,1,0,
1711868578.102,,0.000000e+000,2.045591e+002,4.780168e-003,0.000000e+000,-7.477129e-003,0.000000e+000,3,9.903160e-001,1.825000e+000,,,,,,,,,,,,,,,,,,0,3.000000e+000,5.000000e-001,5,1,8.863983e-001,0,1,0,
1711868636.534,,0.000000e+000,2.074980e+002,4.429278e-003,0.000000e+000,-6.247803e-003,0.000000e+000,3,9.901263e-001,1.825000e+000,,,,,,,,,,,,,,,,,,0,3.000000e+000,5.000000e-001,5,1,8.098907e-001,0,1,0,
1711868695.723,,0.000000e+000,2.103680e+002,4.100869e-003,0.000000e+000,-4.562437e-003,0.000000e+000,3,9.901882e-001,1.825000e+000,,,,,,,,,,,,,,,,,,0,3.000000e+000,5.000000e-001,5,1,8.376923e-001,0,1,0,
1711868753.914,,0.000000e+000,2.133759e+002,3.806950e-003,0.000000e+000,-3.206463e-003,0.000000e+000,3,9.902244e-001,1.825000e+000,,,,,,,,,,,,,,,,,,0,3.000000e+000,5.000000e-001,5,1,8.314972e-001,0,0,0,
1711868811.856,,0.000000e+000,2.162430e+002,3.545862e-003,0.000000e+000,-1.374382e-003,0.000000e+000,3,9.902278e-001,1.825000e+000,,,,,,,,,,,,,,,,,,0,3.000000e+000,5.000000e-001,5,1,8.228912e-001,0,0,0,
1711868873.483,,0.000000e+000,2.192553e+002,3.300388e-003,0.000000e+000,4.836640e-004,0.000000e+000,3,9.899989e-001,1.825000e+000,,,,,,,,,,,,,,,,,,0,3.000000e+000,5.000000e-001,5,1,9.268951e-001,0,0,0,
1711868935.409,,0.000000e+000,2.224272e+002,3.082927e-003,0.000000e+000,2.490808e-003,0.000000e+000,3,9.901493e-001,1.825000e+000,,,,,,,,,,,,,,,,,,0,3.000000e+000,5.000000e-001,5,1,7.792053e-001,0,0,0,
1711868998.599,,0.000000e+000,2.255773e+002,2.891503e-003,0.000000e+000,3.976224e-003,0.000000e+000,3,9.899189e-001,1.825000e+000,,,,,,,,,,,,,,,,,,0,3.000000e+000,5.000000e-001,5,1,7.413025e-001,0,0,0,
1711869055.461,,0.000000e+000,2.284456e+002,2.741624e-003,0.000000e+000,5.471603e-003,0.000000e+000,3,9.901493e-001,1.825000e+000,,,,,,,,,,,,,,,,,,0,3.000000e+000,5.000000e-001,5,1,8.412933e-001,0,0,0,
1711869117.368,,0.000000e+000,2.314516e+002,2.599227e-003,0.000000e+000,7.013825e-003,0.000000e+000,3,9.902418e-001,1.825000e+000,,,,,,,,,,,,,,,,,,0,3.000000e+000,5.000000e-001,5,1,8.280945e-001,0,0,0,
1711869173.068,,0.000000e+000,2.343450e+002,2.488033e-003,0.000000e+000,7.969982e-003,0.000000e+000,3,9.900007e-001,1.825000e+000,,,,,,,,,,,,,,,,,,0,3.000000e+000,5.000000e-001,5,1,8.200073e-001,0,0,0,
1711869241.538,,0.000000e+000,2.377955e+002,2.369742e-003,0.000000e+000,9.220080e-003,0.000000e+000,3,9.899753e-001,1.825000e+000,,,,,,,,,,,,,,,,,,0,3.000000e+000,5.000000e-001,5,1,7.265015e-001,0,0,0,
1711869294.967,,0.000000e+000,2.404478e+002,2.290157e-003,0.000000e+000,1.006980e-002,0.000000e+000,3,9.900967e-001,1.825000e+000,,,,,,,,,,,,,,,,,,0,3.000000e+000,5.000000e-001,5,1,7.050934e-001,0,0,0,
1711869351.911,,0.000000e+000,2.433548e+002,2.215503e-003,0.000000e+000,1.072472e-002,0.000000e+000,3,9.900495e-001,1.825000e+000,,,,,,,,,,,,,,,,,,0,3.000000e+000,5.000000e-001,5,1,7.987061e-001,0,0,0,
1711869416.128,,0.000000e+000,2.464533e+002,2.141350e-003,0.000000e+000,1.157476e-002,0.000000e+000,3,9.898221e-001,1.825000e+000,,,,,,,,,,,,,,,,,,0,3.000000e+000,5.000000e-001,5,1,7.480011e-001,0,1,0,
1711869498.417,,0.000000e+000,2.506276e+002,2.059236e-003,0.000000e+000,1.257228e-002,0.000000e+000,3,9.899999e-001,1.825000e+000,,,,,,,,,,,,,,,,,,0,3.000000e+000,5.000000e-001,5,1,8.462982e-001,0,1,0,
1711869534.347,,0.000000e+000,2.524303e+002,2.026729e-003,0.000000e+000,1.293410e-002,0.000000e+000,3,9.900649e-001,1.825000e+000,,,,,,,,,,,,,,,,,,0,3.000000e+000,5.000000e-001,5,1,8.582001e-001,0,1,0,
1711869591.287,,0.000000e+000,2.553387e+002,1.979327e-003,0.000000e+000,1.362376e-002,0.000000e+000,3,9.901006e-001,1.825000e+000,,,,,,,,,,,,,,,,,,0,3.000000e+000,5.000000e-001,5,1,7.680969e-001,0,1,0,
1711869653.733,,0.000000e+000,2.584172e+002,1.931424e-003,0.000000e+000,1.415715e-002,0.000000e+000,3,9.900673e-001,1.825000e+000,,,,,,,,,,,,,,,,,,0,3.000000e+000,5.000000e-001,5,1,7.431030e-001,0,1,0,
1711869721.955,,0.000000e+000,2.618000e+002,1.882569e-003,0.000000e+000,1.482610e-002,0.000000e+000,3,9.900426e-001,1.825000e+000,,,,,,,,,,,,,,,,,,0,3.000000e+000,5.000000e-001,5,1,9.484863e-001,0,1,0,
1711869778.409,,0.000000e+000,2.646194e+002,1.844928e-003,0.000000e+000,1.530950e-002,0.000000e+000,3,9.901182e-001,1.825000e+000,,,,,,,,,,,,,,,,,,0,3.000000e+000,5.000000e-001,5,1,8.615112e-001,0,0,0,
1711869835.616,,0.000000e+000,2.675325e+002,1.808176e-003,0.000000e+000,1.591431e-002,0.000000e+000,3,9.901124e-001,1.825000e+000,,,,,,,,,,,,,,,,,,0,3.000000e+000,5.000000e-001,5,1,7.427063e-001,0,0,0,
1711869894.058,,0.000000e+000,2.704870e+002,1.772798e-003,0.000000e+000,1.622722e-002,0.000000e+000,3,9.900674e-001,1.825000e+000,,,,,,,,,,,,,,,,,,0,3.000000e+000,5.000000e-001,5,1,8.460083e-001,0,0,0,
1711869961.757,,0.000000e+000,2.737804e+002,1.733983e-003,0.000000e+000,1.680856e-002,0.000000e+000,3,9.900544e-001,1.825000e+000,,,,,,,,,,,,,,,,,,0,3.000000e+000,5.000000e-001,5,1,1.004700e+000,0,0,0,
1711870014.935,,0.000000e+000,2.764459e+002,1.705884e-003,0.000000e+000,1.714294e-002,0.000000e+000,3,9.900526e-001,1.825000e+000,,,,,,,,,,,,,,,,,,0,3.000000e+000,5.000000e-001,5,1,8.164978e-001,0,0,0,
1711870077.418,,0.000000e+000,2.795648e+002,1.675566e-003,0.000000e+000,1.764272e-002,0.000000e+000,3,9.900602e-001,1.825000e+000,,,,,,,,,,,,,,,,,,0,3.000000e+000,5.000000e-001,5,1,8.056030e-001,0,0,0,
1711870142.180,,0.000000e+000,2.827387e+002,1.647205e-003,0.000000e+000,1.816249e-002,0.000000e+000,3,9.900169e-001,1.825000e+000,,,,,,,,,,,,,,,,,,0,3.000000e+000,5.000000e-001,5,1,9.191895e-001,0,0,0,
1711870205.119,,0.000000e+000,2.860164e+002,1.621270e-003,0.000000e+000,1.889792e-002,0.000000e+000,3,9.899857e-001,1.825000e+000,,,,,,,,,,,,,,,,,,0,3.000000e+000,5.000000e-001,5,1,7.706909e-001,0,0,0,
1711870256.308,,0.000000e+000,2.885171e+002,1.600933e-003,0.000000e+000,1.962546e-002,0.000000e+000,3,9.899850e-001,1.825000e+000,,,,,,,,,,,,,,,,,,0,3.000000e+000,5.000000e-001,5,1,7.959900e-001,0,0,0,
1711870321.255,,0.000000e+000,2.918665e+002,1.576562e-003,0.000000e+000,2.060110e-002,0.000000e+000,3,9.899232e-001,1.825000e+000,,,,,,,,,,,,,,,,,,0,3.000000e+000,5.000000e-001,5,1,8.936768e-001,0,0,0,
1711870374.447,,0.000000e+000,2.944482e+002,1.558085e-003,0.000000e+000,2.169432e-002,0.000000e+000,3,9.899799e-001,1.825000e+000,,,,,,,,,,,,,,,,,,0,3.000000e+000,5.000000e-001,5,1,7.055054e-001,0,0,0,
1711870442.665,,0.000000e+000,2.978005e+002,1.535799e-003,0.000000e+000,2.304884e-002,0.000000e+000,3,9.899895e-001,1.825000e+000,,,,,,,,,,,,,,,,,,0,3.000000e+000,5.000000e-001,5,1,9.326172e-001,0,1,0,
1711870746.137,,0.000000e+000,3.000208e+002,1.500921e-003,0.000000e+000,2.686687e-002,0.000000e+000,3,9.897922e-001,1.825000e+000,,,,,,,,,,,,,,,,,,0,3.000000e+000,5.000000e-001,5,1,0.000000e+000,0,0,0,
1711881294.942,,0.000000e+000,5.002969e+000,9.624383e-002,0.000000e+000,1.694508e-002,0.000000e+000,3,9.898983e-001,1.825000e+000,,,,,,,,,,,,,,,,,,0,3.000000e+000,5.000000e-001,5,1,9.713173e-004,0,1,0,
1711881388.673,,0.000000e+000,8.838960e+000,9.269448e-002,0.000000e+000,1.655164e-002,0.000000e+000,3,9.900209e-001,1.825000e+000,,,,,,,,,,,,,,,,,,0,3.000000e+000,5.000000e-001,5,1,7.091961e-001,0,1,0,
1711881449.031,,0.000000e+000,1.155227e+001,8.967584e-002,0.000000e+000,1.600164e-002,0.000000e+000,3,9.895293e-001,1.825000e+000,,,,,,,,,,,,,,,,,,0,3.000000e+000,5.000000e-001,5,1,6.442795e-001,0,1,0,
1711881513.697,,0.000000e+000,1.458316e+001,8.678600e-002,0.000000e+000,1.601092e-002,0.000000e+000,3,9.902170e-001,1.825000e+000,,,,,,,,,,,,,,,,,,0,3.000000e+000,5.000000e-001,5,1,7.209196e-001,0,0,0,
1711881578.145,,0.000000e+000,1.781871e+001,8.408132e-002,0.000000e+000,1.583068e-002,0.000000e+000,3,9.903051e-001,1.825000e+000,,,,,,,,,,,,,,,,,,0,3.000000e+000,5.000000e-001,5,1,7.224808e-001,0,0,0,
1711881639.123,,0.000000e+000,2.077748e+001,8.168347e-002,0.000000e+000,1.564969e-002,0.000000e+000,3,9.902856e-001,1.825000e+000,,,,,,,,,,,,,,,,,,0,3.000000e+000,5.000000e-001,5,1,9.077587e-001,0,0,0,
1711881693.282,,0.000000e+000,2.357011e+001,7.965696e-002,0.000000e+000,1.547995e-002,0.000000e+000,3,9.903082e-001,1.825000e+000,,,,,,,,,,,,,,,,,,0,3.000000e+000,5.000000e-001,5,1,6.907997e-001,0,0,0,
1711881757.002,,0.000000e+000,2.674359e+001,7.735258e-002,0.000000e+000,1.521420e-002,0.000000e+000,3,9.903200e-001,1.825000e+000,,,,,,,,,,,,,,,,,,0,3.000000e+000,5.000000e-001,5,1,7.670803e-001,0,0,0,
1711881821.461,,0.000000e+000,3.001501e+001,7.511570e-002,0.000000e+000,1.502968e-002,0.000000e+000,3,9.903480e-001,1.825000e+000,,,,,,,,,,,,,,,,,,0,3.000000e+000,5.000000e-001,5,1,9.628506e-001,0,0,0,
1711881878.086,,0.000000e+000,3.273695e+001,7.319935e-002,0.000000e+000,1.478271e-002,0.000000e+000,3,9.903907e-001,1.825000e+000,,,,,,,,,,,,,,,,,,0,3.000000e+000,5.000000e-001,5,1,9.014969e-001,0,0,0,
1711881934.986,,0.000000e+000,3.566316e+001,7.131317e-002,0.000000e+000,1.464518e-002,0.000000e+000,3,9.903352e-001,1.825000e+000,,,,,,,,,,,,,,,,,,0,3.000000e+000,5.000000e-001,5,1,8.501015e-001,0,0,0,
1711881997.670,,0.000000e+000,3.866864e+001,6.929533e-002,0.000000e+000,1.453261e-002,0.000000e+000,3,9.903253e-001,1.825000e+000,,,,,,,,,,,,,,,,,,0,3.000000e+000,5.000000e-001,5,1,7.324295e-001,0,0,0,
1711882064.017,,0.000000e+000,4.203596e+001,6.722753e-002,0.000000e+000,1.438929e-002,0.000000e+000,3,9.902508e-001,1.825000e+000,,,,,,,,,,,,,,,,,,0,3.000000e+000,5.000000e-001,5,1,8.259087e-001,0,0,0,
1711882120.666,,0.000000e+000,4.485288e+001,6.552698e-002,0.000000e+000,1.428073e-002,0.000000e+000,3,9.903421e-001,1.825000e+000,,,,,,,,,,,,,,,,,,0,3.000000e+000,5.000000e-001,5,1,9.137611e-001,0,0,0,
1711882179.359,,0.000000e+000,4.778572e+001,6.382240e-002,0.000000e+000,1.430757e-002,0.000000e+000,3,9.903318e-001,1.825000e+000,,,,,,,,,,,,,,,,,,0,3.000000e+000,5.000000e-001,5,1,9.092598e-001,0,0,0,
1711882241.568,,0.000000e+000,5.090781e+001,6.205811e-002,0.000000e+000,1.409065e-002,0.000000e+000,3,9.903748e-001,1.825000e+000,,,,,,,,,,,,,,,,,,0,3.000000e+000,5.000000e-001,5,1,7.197685e-001,0,1,0,
1711882304.524,,0.000000e+000,5.398665e+001,6.033419e-002,0.000000e+000,1.400685e-002,0.000000e+000,3,9.902577e-001,1.825000e+000,,,,,,,,,,,,,,,,,,0,3.000000e+000,5.000000e-001,5,1,8.390198e-001,0,1,0,
1711882362.224,,0.000000e+000,5.690519e+001,5.880417e-002,0.000000e+000,1.384256e-002,0.000000e+000,3,9.902425e-001,1.825000e+000,,,,,,,,,,,,,,,,,,0,3.000000e+000,5.000000e-001,5,1,1.041557e+000,0,1,0,
1711882420.142,,0.000000e+000,5.976372e+001,5.731395e-002,0.000000e+000,1.382469e-002,0.000000e+000,3,9.902720e-001,1.825000e+000,,,,,,,,,,,,,,,,,,0,3.000000e+000,5.000000e-001,5,1,9.165001e-001,0,1,0,
1711882481.588,,0.000000e+000,6.286725e+001,5.577068e-002,0.000000e+000,1.377198e-002,0.000000e+000,3,9.902074e-001,1.825000e+000,,,,,,,,,,,,,,,,,,0,3.000000e+000,5.000000e-001,5,1,7.130623e-001,0,1,0,
1711882546.042,,0.000000e+000,6.606792e+001,5.421909e-002,0.000000e+000,1.346387e-002,0.000000e+000,3,9.902665e-001,1.825000e+000,,,,,,,,,,,,,,,,,,0,3.000000e+000,5.000000e-001,5,1,8.109818e-001,0,0,0,
1711882603.466,,0.000000e+000,6.893083e+001,5.288016e-002,0.000000e+000,1.327141e-002,0.000000e+000,3,9.902759e-001,1.825000e+000,,,,,,,,,,,,,,,,,,0,3.000000e+000,5.000000e-001,5,1,9.154739e-001,0,0,0,
1711882664.144,,0.000000e+000,7.197845e+001,5.149757e-002,0.000000e+000,1.304612e-002,0.000000e+000,3,9.902958e-001,1.825000e+000,,,,,,,,,,,,,,,,,,0,3.000000e+000,5.000000e-001,5,1,9.951477e-001,0,0,0,
1711882722.092,,0.000000e+000,7.499570e+001,5.021854e-002,0.000000e+000,1.273413e-002,0.000000e+000,3,9.900982e-001,1.825000e+000,,,,,,,,,,,,,,,,,,0,3.000000e+000,5.000000e-001,5,1,8.930511e-001,0,0,0,
1711882786.534,,0.000000e+000,7.819529e+001,4.883353e-002,0.000000e+000,1.254179e-002,0.000000e+000,3,9.902678e-001,1.825000e+000,,,,,,,,,,,,,,,,,,0,3.000000e+000,5.000000e-001,5,1,7.718353e-001,0,0,0,
1711882839.707,,0.000000e+000,8.092621e+001,4.772234e-002,0.000000e+000,1.199524e-002,0.000000e+000,3,9.902654e-001,1.825000e+000,,,,,,,,,,,,,,,,,,0,3.000000e+000,5.000000e-001,5,1,7.830276e-001,0,0,0,
1711882901.163,,0.000000e+000,8.397095e+001,4.645433e-002,0.000000e+000,1.176243e-002,0.000000e+000,3,9.902604e-001,1.825000e+000,,,,,,,,,,,,,,,,,,0,3.000000e+000,5.000000e-001,5,1,8.574142e-001,0,0,0,
1711882960.117,,0.000000e+000,8.687770e+001,4.527430e-002,0.000000e+000,1.134350e-002,0.000000e+000,3,9.902739e-001,1.825000e+000,,,,,,,,,,,,,,,,,,0,3.000000e+000,5.000000e-001,5,1,9.563141e-001,0,0,0,
1711883025.307,,0.000000e+000,9.019086e+001,4.399126e-002,0.000000e+000,1.101118e-002,0.000000e+000,3,9.903749e-001,1.825000e+000,,,,,,,,,,,,,,,,,,0,3.000000e+000,5.000000e-001,5,1,9.360809e-001,0,0,0,
1711883080.732,,0.000000e+000,9.293777e+001,4.293651e-002,0.000000e+000,1.065053e-002,0.000000e+000,3,9.901687e-001,1.825000e+000,,,,,,,,,,,,,,,,,,0,3.000000e+000,5.000000e-001,5,1,1.009315e+000,0,0,0,
1711883161.287,,0.000000e+000,9.700008e+001,4.141488e-002,0.000000e+000,1.009907e-002,0.000000e+000,3,9.902776e-001,1.825000e+000,,,,,,,,,,,,,,,,,,0,3.000000e+000,5.000000e-001,5,1,9.612808e-001,0,0,0,
1711883201.941,,0.000000e+000,9.899245e+001,4.066982e-002,0.000000e+000,9.933493e-003,0.000000e+000,3,9.902300e-001,1.825000e+000,,,,,,,,,,,,,,,,,,0,3.000000e+000,5.000000e-001,5,1,9.173279e-001,0,1,0,
1711883267.138,,0.000000e+000,1.022862e+002,3.949068e-002,0.000000e+000,9.518755e-003,0.000000e+000,3,9.903614e-001,1.825000e+000,,,,,,,,,,,,,,,,,,0,3.000000e+000,5.000000e-001,5,1,9.212036e-001,0,1,0,
1711883318.062,,0.000000e+000,1.048654e+002,3.859259e-002,0.000000e+000,9.171440e-003,0.000000e+000,3,9.903243e-001,1.825000e+000,,,,,,,,,,,,,,,,,,0,3.000000e+000,5.000000e-001,5,1,7.464981e-001,0,1,0,
1711883380.803,,0.000000e+000,1.079665e+002,3.749939e-002,0.000000e+000,8.869249e-003,0.000000e+000,3,9.902331e-001,1.825000e+000,,,,,,,,,,,,,,,,,,0,3.000000e+000,5.000000e-001,5,1,9.651947e-001,0,1,0,
1711883439.230,,0.000000e+000,1.108545e+002,3.650041e-002,0.000000e+000,8.544332e-003,0.000000e+000,3,9.901978e-001,1.825000e+000,,,,,,,,,,,,,,,,,,0,3.000000e+000,5.000000e-001,5,1,9.665985e-001,0,1,0,
1711883505.412,,0.000000e+000,1.142273e+002,3.537928e-002,0.000000e+000,8.116996e-003,0.000000e+000,3,9.903278e-001,1.825000e+000,,,,,,,,,,,,,,,,,,0,3.000000e+000,5.000000e-001,5,1,7.302017e-001,0,0,0,
1711883560.824,,0.000000e+000,1.170483e+002,3.446424e-002,0.000000e+000,7.759056e-003,0.000000e+000,3,9.901940e-001,1.825000e+000,,,,,,,,,,,,,,,,,,0,3.000000e+000,5.000000e-001,5,1,7.284012e-001,0,0,0,
1711883620.251,,0.000000e+000,1.199997e+002,3.349264e-002,0.000000e+000,7.306819e-003,0.000000e+000,3,9.903415e-001,1.825000e+000,,,,,,,,,,,,,,,,,,0,3.000000e+000,5.000000e-001,5,1,8.318024e-001,0,0,0,
1711883679.434,,0.000000e+000,1.229212e+002,3.254262e-002,0.000000e+000,7.000121e-003,0.000000e+000,3,9.903132e-001,1.825000e+000,,,,,,,,,,,,,,,,,,0,3.000000e+000,5.000000e-001,5,1,7.158966e-001,0,0,0,
1711883752.623,,0.000000e+000,1.265405e+002,3.138792e-002,0.000000e+000,6.461158e-003,0.000000e+000,3,9.901463e-001,1.825000e+000,,,,,,,,,,,,,,,,,,0,3.000000e+000,5.000000e-001,5,1,8.357010e-001,0,0,0,
1711883804.803,,0.000000e+000,1.290953e+002,3.057830e-002,0.000000e+000,5.972562e-003,0.000000e+000,3,9.902551e-001,1.825000e+000,,,,,,,,,,,,,,,,,,0,3.000000e+000,5.000000e-001,5,1,8.986053e-001,0,0,0,
1711883861.978,,0.000000e+000,1.320300e+002,2.969463e-002,0.000000e+000,5.649220e-003,0.000000e+000,3,9.901805e-001,1.825000e+000,,,,,,,,,,,,,,,,,,0,3.000000e+000,5.000000e-001,5,1,7.994080e-001,0,0,0,
1711883924.185,,0.000000e+000,1.351868e+002,2.874898e-002,0.000000e+000,4.985268e-003,0.000000e+000,3,9.901992e-001,1.825000e+000,,,,,,,,,,,,,,,,,,0,3.000000e+000,5.000000e-001,5,1,9.851990e-001,0,0,0,
1711883986.634,,0.000000e+000,1.383111e+002,2.780966e-002,0.000000e+000,4.293827e-003,0.000000e+000,3,9.902385e-001,1.825000e+000,,,,,,,,,,,,,,,,,,0,3.000000e+000,5.000000e-001,5,1,9.732971e-001,0,0,0,
1711884045.106,,0.000000e+000,1.412106e+002,2.693549e-002,0.000000e+000,3.855458e-003,0.000000e+000,3,9.901932e-001,1.825000e+000,,,,,,,,,,,,,,,,,,0,3.000000e+000,5.000000e-001,5,1,9.664001e-001,0,0,0,
1711884105.541,,0.000000e+000,1.442628e+002,2.604402e-002,0.000000e+000,3.230015e-003,0.000000e+000,3,9.902184e-001,1.825000e+000,,,,,,,,,,,,,,,,,,0,3.000000e+000,5.000000e-001,5,1,9.477997e-001,0,0,0,
1711884164.972,,0.000000e+000,1.472176e+002,2.517137e-002,0.000000e+000,2.612328e-003,0.000000e+000,3,9.902143e-001,1.825000e+000,,,,,,,,,,,,,,,,,,0,3.000000e+000,5.000000e-001,5,1,9.250031e-001,0,1,0,
1711884225.403,,0.000000e+000,1.500905e+002,2.429386e-002,0.000000e+000,2.167403e-003,0.000000e+000,3,9.902434e-001,1.825000e+000,,,,,,,,,,,,,,,,,,0,3.000000e+000,5.000000e-001,5,1,9.219971e-001,0,1,0,
1711884285.633,,0.000000e+000,1.532174e+002,2.341514e-002,0.000000e+000,1.642424e-003,0.000000e+000,3,9.902627e-001,1.825000e+000,,,,,,,,,,,,,,,,,,0,3.000000e+000,5.000000e-001,5,1,8.119049e-001,0,1,0,
1711884343.559,,0.000000e+000,1.561387e+002,2.258162e-002,0.000000e+000,1.158850e-003,0.000000e+000,3,9.903647e-001,1.825000e+000,,,,,,,,,,,,,,,,,,0,3.000000e+000,5.000000e-001,5,1,9.262085e-001,0,1,0,
1711884424.386,,0.000000e+000,1.601776e+002,2.142680e-002,0.000000e+000,4.269147e-004,0.000000e+000,3,9.903347e-001,1.825000e+000,,,,,,,,,,,,,,,,,,0,3.000000e+000,5.000000e-001,5,1,8.126984e-001,0,1,0,
1711884465.042,,0.000000e+000,1.622406e+002,2.085479e-002,0.000000e+000,8.549690e-005,0.000000e+000,3,9.903671e-001,1.825000e+000,,,,,,,,,,,,,,,,,,0,3.000000e+000,5.000000e-001,5,1,9.020996e-001,0,0,0,
1711884532.727,,0.000000e+000,1.657014e+002,1.988996e-002,0.000000e+000,-4.402859e-004,0.000000e+000,3,9.903209e-001,1.825000e+000,,,,,,,,,,,,,,,,,,0,3.000000e+000,5.000000e-001,5,1,8.074951e-001,0,0,0,
1711884582.892,,0.000000e+000,1.681841e+002,1.918457e-002,0.000000e+000,-6.705506e-004,0.000000e+000,3,9.902638e-001,1.825000e+000,,,,,,,,,,,,,,,,,,0,3.000000e+000,5.000000e-001,5,1,7.928009e-001,0,0,0,
1711884646.318,,0.000000e+000,1.713734e+002,1.829314e-002,0.000000e+000,-1.244246e-003,0.000000e+000,3,9.903447e-001,1.825000e+000,,,,,,,,,,,,,,,,,,0,3.000000e+000,5.000000e-001,5,1,8.838959e-001,0,0,0,
1711884707.005,,0.000000e+000,1.742943e+002,1.744207e-002,0.000000e+000,-1.670416e-003,0.000000e+000,3,9.902597e-001,1.825000e+000,,,,,,,,,,,,,,,,,,0,3.000000e+000,5.000000e-001,5,1,8.721924e-001,0,0,0,
1711884772.714,,0.000000e+000,1.776243e+002,1.652328e-002,0.000000e+000,-2.159791e-003,0.000000e+000,3,9.902586e-001,1.825000e+000,,,,,,,,,,,,,,,,,,0,3.000000e+000,5.000000e-001,5,1,9.541016e-001,0,0,0,
1711884823.808,,0.000000e+000,1.801908e+002,1.581571e-002,0.000000e+000,-2.434215e-003,0.000000e+000,3,9.902104e-001,1.825000e+000,,,,,,,,,,,,,,,,,,0,3.000000e+000,5.000000e-001,5,1,9.546051e-001,0,0,0,
1711884884.215,,0.000000e+000,1.832123e+002,1.498449e-002,0.000000e+000,-2.818231e-003,0.000000e+000,3,9.902743e-001,1.825000e+000,,,,,,,,,,,,,,,,,,0,3.000000e+000,5.000000e-001,5,1,9.319000e-001,0,0,0,
1711884945.143,,0.000000e+000,1.862870e+002,1.414788e-002,0.000000e+000,-3.058541e-003,0.000000e+000,3,9.902074e-001,1.825000e+000,,,,,,,,,,,,,,,,,,0,3.000000e+000,5.000000e-001,5,1,9.252014e-001,0,0,0,
1711885008.078,,0.000000e+000,1.894704e+002,1.329687e-002,0.000000e+000,-3.292427e-003,0.000000e+000,3,9.900401e-001,1.825000e+000,,,,,,,,,,,,,,,,,,0,3.000000e+000,5.000000e-001,5,1,8.229980e-001,0,0,0,
1711885065.252,,0.000000e+000,1.922422e+002,1.253809e-002,0.000000e+000,-3.376929e-003,0.000000e+000,3,9.899644e-001,1.825000e+000,,,,,,,,,,,,,,,,,,0,3.000000e+000,5.000000e-001,5,1,8.848877e-001,0,1,0,
1711885125.110,,0.000000e+000,1.951920e+002,1.175906e-002,0.000000e+000,-3.306351e-003,0.000000e+000,3,9.898144e-001,1.825000e+000,,,,,,,,,,,,,,,,,,0,3.000000e+000,5.000000e-001,5,1,8.107910e-001,0,1,0,
1711885187.531,,0.000000e+000,1.983427e+002,1.096941e-002,0.000000e+000,-3.145517e-003,0.000000e+000,3,9.897631e-001,1.825000e+000,,,,,,,,,,,,,,,,,,0,3.000000e+000,5.000000e-001,5,1,8.977966e-001,0,1,0,
1711885249.013,,0.000000e+000,2.014532e+002,1.022098e-002,0.000000e+000,-2.875848e-003,0.000000e+000,3,9.897989e-001,1.825000e+000,,,,,,,,,,,,,,,,,,0,3.000000e+000,5.000000e-001,5,1,9.035034e-001,0,1,0,
1711885324.323,,0.000000e+000,2.052010e+002,9.349831e-003,0.000000e+000,-1.689544e-003,0.000000e+000,3,9.899663e-001,1.825000e+000,,,,,,,,,,,,,,,,,,0,3.000000e+000,5.000000e-001,5,1,7.926025e-001,0,1,0,
1711885368.030,,0.000000e+000,2.073071e+002,8.877220e-003,0.000000e+000,-1.136518e-003,0.000000e+000,3,9.895167e-001,1.825000e+000,,,,,,,,,,,,,,,,,,0,3.000000e+000,5.000000e-001,5,1,9.208069e-001,0,0,0,
1711885427.701,,0.000000e+000,2.102762e+002,8.265119e-003,0.000000e+000,-1.347801e-004,0.000000e+000,3,9.895891e-001,1.825000e+000,,,,,,,,,,,,,,,,,,0,3.000000e+000,5.000000e-001,5,1,1.056305e+000,0,0,0,
1711885494.665,,0.000000e+000,2.137657e+002,7.636428e-003,0.000000e+000,9.350646e-004,0.000000e+000,3,9.895923e-001,1.825000e+000,,,,,,,,,,,,,,,,,,0,3.000000e+000,5.000000e-001,5,1,8.285065e-001,0,0,0,
1711885546.862,,0.000000e+000,2.163469e+002,7.190027e-003,0.000000e+000,2.029659e-003,0.000000e+000,3,9.896178e-001,1.825000e+000,,,,,,,,,,,,,,,,,,0,3.000000e+000,5.000000e-001,5,1,9.091949e-001,0,0,0,
1711885609.812,,0.000000e+000,2.195717e+002,6.705003e-003,0.000000e+000,3.247298e-003,0.000000e+000,3,9.896486e-001,1.825000e+000,,,,,,,,,,,,,,,,,,0,3.000000e+000,5.000000e-001,5,1,7.097015e-001,0,0,0,
1711885667.005,,0.000000e+000,2.223533e+002,6.310008e-003,0.000000e+000,4.387549e-003,0.000000e+000,3,9.895635e-001,1.825000e+000,,,,,,,,,,,,,,,,,,0,3.000000e+000,5.000000e-001,5,1,8.496094e-001,0,0,0,
1711885733.722,,0.000000e+000,2.256406e+002,5.899196e-003,0.000000e+000,5.321051e-003,0.000000e+000,3,9.894345e-001,1.825000e+000,,,,,,,,,,,,,,,,,,0,3.000000e+000,5.000000e-001,5,1,9.337921e-001,0,0,0,
1711885788.911,,0.000000e+000,2.283680e+002,5.595820e-003,0.000000e+000,6.197307e-003,0.000000e+000,3,9.894343e-001,1.825000e+000,,,,,,,,,,,,,,,,,,0,3.000000e+000,5.000000e-001,5,1,1.037292e+000,0,0,0,
1711885847.598,,0.000000e+000,2.313577e+002,5.309134e-003,0.000000e+000,7.004424e-003,0.000000e+000,3,9.892617e-001,1.825000e+000,,,,,,,,,,,,,,,,,,0,3.000000e+000,5.000000e-001,5,1,8.204956e-001,0,0,0,
1711885905.333,,0.000000e+000,2.343166e+002,5.053664e-003,0.000000e+000,7.561194e-003,0.000000e+000,3,9.893813e-001,1.825000e+000,,,,,,,,,,,,,,,,,,0,3.000000e+000,5.000000e-001,5,1,8.199005e-001,0,0,0,
1711885973.038,,0.000000e+000,2.376750e+002,4.789509e-003,0.000000e+000,8.137141e-003,0.000000e+000,3,9.893490e-001,1.825000e+000,,,,,,,,,,,,,,,,,,0,3.000000e+000,5.000000e-001,5,1,9.970856e-001,0,0,0,
1711886025.198,,0.000000e+000,2.403542e+002,4.606334e-003,0.000000e+000,8.665067e-003,0.000000e+000,3,9.893745e-001,1.825000e+000,,,,,,,,,,,,,,,,,,0,3.000000e+000,5.000000e-001,5,1,8.319092e-001,0,1,0,
1711886088.393,,0.000000e+000,2.434776e+002,4.405821e-003,0.000000e+000,9.131162e-003,0.000000e+000,3,9.892932e-001,1.825000e+000,,,,,,,,,,,,,,,,,,0,3.000000e+000,5.000000e-001,5,1,7.380066e-001,0,1,0,
1711886147.722,,0.000000e+000,2.464494e+002,4.234899e-003,0.000000e+000,9.597532e-003,0.000000e+000,3,9.891798e-001,1.825000e+000,,,,,,,,,,,,,,,,,,0,3.000000e+000,5.000000e-001,5,1,7.557983e-001,0,1,0,
1711886212.902,,0.000000e+000,2.496871e+002,4.062758e-003,0.000000e+000,9.973066e-003,0.000000e+000,3,9.892203e-001,1.825000e+000,,,,,,,,,,,,,,,,,,0,3.000000e+000,5.000000e-001,5,1,8.562012e-001,0,1,0,
1711886269.565,,0.000000e+000,2.524510e+002,3.924260e-003,0.000000e+000,1.047597e-002,0.000000e+000,3,9.892737e-001,1.825000e+000,,,,,,,,,,,,,,,,,,0,3.000000e+000,5.000000e-001,5,1,8.501129e-001,0,1,0,
1711886333.769,,0.000000e+000,2.557152e+002,3.775737e-003,0.000000e+000,1.070791e-002,0.000000e+000,3,9.893381e-001,1.825000e+000,,,,,,,,,,,,,,,,,,0,3.000000e+000,5.000000e-001,5,1,1.049591e+000,0,0,0,
1711886392.211,,0.000000e+000,2.585775e+002,3.649843e-003,0.000000e+000,1.127711e-002,0.000000e+000,3,9.892524e-001,1.825000e+000,,,,,,,,,,,,,,,,,,0,3.000000e+000,5.000000e-001,5,1,9.430237e-001,0,0,0,
1711886452.663,,0.000000e+000,2.617864e+002,3.524402e-003,0.000000e+000,1.159863e-002,0.000000e+000,3,9.892484e-001,1.825000e+000,,,,,,,,,,,,,,,,,,0,3.000000e+000,5.000000e-001,5,1,7.268066e-001,0,0,0,
1711886507.771,,0.000000e+000,2.644426e+002,3.414869e-003,0.000000e+000,1.205273e-002,0.000000e+000,3,9.894273e-001,1.825000e+000,,,,,,,,,,,,,,,,,,0,3.000000e+000,5.000000e-001,5,1,8.330078e-001,0,0,0,
1711886567.680,,0.000000e+000,2.674025e+002,3.296590e-003,0.000000e+000,1.243339e-002,0.000000e+000,3,9.893254e-001,1.825000e+000,,,,,,,,,,,,,,,,,,0,3.000000e+000,5.000000e-001,5,1,7.233887e-001,0,0,0,
1711886628.873,,0.000000e+000,2.704586e+002,3.180072e-003,0.000000e+000,1.261995e-002,0.000000e+000,3,9.894256e-001,1.825000e+000,,,,,,,,,,,,,,,,,,0,3.000000e+000,5.000000e-001,5,1,9.028015e-001,0,0,0,
1711886700.763,,0.000000e+000,2.741022e+002,3.049373e-003,0.000000e+000,1.321469e-002,0.000000e+000,3,9.894010e-001,1.825000e+000,,,,,,,,,,,,,,,,,,0,3.000000e+000,5.000000e-001,5,1,7.920837e-001,0,0,0,
1711886754.408,,0.000000e+000,2.766652e+002,2.956675e-003,0.000000e+000,1.363967e-002,0.000000e+000,3,9.895151e-001,1.825000e+000,,,,,,,,,,,,,,,,,,0,3.000000e+000,5.000000e-001,5,1,7.978821e-001,0,0,0,
1711886813.372,,0.000000e+000,2.797080e+002,2.858789e-003,0.000000e+000,1.391439e-002,0.000000e+000,3,9.893733e-001,1.825000e+000,,,,,,,,,,,,,,,,,,0,3.000000e+000,5.000000e-001,5,1,9.903870e-001,0,0,0,
1711886871.995,,0.000000e+000,2.826292e+002,2.764647e-003,0.000000e+000,1.446224e-002,0.000000e+000,3,9.894663e-001,1.825000e+000,,,,,,,,,,,,,,,,,,0,3.000000e+000,5.000000e-001,5,1,9.706116e-001,0,0,0,
1711886934.175,,0.000000e+000,2.857758e+002,2.665073e-003,0.000000e+000,1.520846e-002,0.000000e+000,3,9.894816e-001,1.825000e+000,,,,,,,,,,,,,,,,,,0,3.000000e+000,5.000000e-001,5,1,8.226929e-001,0,1,0,
1711886992.362,,0.000000e+000,2.886483e+002,2.574713e-003,0.000000e+000,1.600480e-002,0.000000e+000,3,9.896260e-001,1.825000e+000,,,,,,,,,,,,,,,,,,0,3.000000e+000,5.000000e-001,5,1,9.494934e-001,0,1,0,
1711887048.802,,0.000000e+000,2.915206e+002,2.489298e-003,0.000000e+000,1.695546e-002,0.000000e+000,3,9.894562e-001,1.825000e+000,,,,,,,,,,,,,,,,,,0,3.000000e+000,5.000000e-001,5,1,8.468933e-001,0,1,0,
1711887108.248,,0.000000e+000,2.944424e+002,2.402751e-003,0.000000e+000,1.809783e-002,0.000000e+000,3,9.896693e-001,1.825000e+000,,,,,,,,,,,,,,,,,,0,3.000000e+000,5.000000e-001,5,1,6.259155e-001,0,1,0,
1711887173.695,,0.000000e+000,2.976780e+002,2.311187e-003,0.000000e+000,1.932230e-002,0.000000e+000,3,9.895768e-001,1.825000e+000,,,,,,,,,,,,,,,,,,0,3.000000e+000,5.000000e-001,5,1,1.014008e+000,0,1,0,
1711887480.908,,0.000000e+000,3.000149e+002,2.176195e-003,0.000000e+000,2.268886e-002,0.000000e+000,3,9.895425e-001,1.825000e+000,,,,,,,,,,,,,,,,,,0,3.000000e+000,5.000000e-001,5,1,1.181030e-002,0,0,0,
