[Header]
TITLE,MPMS RSO Measurement
BYAPP,MPMS Measurement,1.1,Summary
FILEOPENTIME, 1711888183.098000 3/31/2024, 9:29:43 PM

INFO, APPNAME, MPMS MultiVu Application, Revision 1.60,  Build 081

INFO, NAME, PO-conc3
INFO, WEIGHT, 116.900
INFO, AREA, 0.000
INFO, LENGTH, 0.000
INFO, SHAPE, 0
INFO, COMMENT, 
INFO, SEQUENCE FILE: IRM_acq_sub1.seq


INFO, BACKGROUND DATA FILE:, None


STARTUPAXIS,X,4,LINEAR,AUTO,0.000000,0.000000
STARTUPAXIS,Y1,5,LINEAR,AUTO,0.000000,0.000000


STARTUPGROUP,Longitudinal
FIELDGROUP,Longitudinal,1,2,3,4,5,6,7,8,9,10,11,19,20,21,22,23,35
FIELDGROUP,Transverse,1,2,3,4,12,13,14,15,16,17,18,24,25,26,27,28,35

PLOT_APPEARANCE,ALL,HORZ_GRID_ON,VERT_GRID_ON,MARKERS_AND_LINES

[Data]
Time,Comment,Field (Oe),Temperature (K),Long Moment (emu),Long Scan Std Dev,Long Offset (cm),Long Offset Std Dev,Long Algorithm,Long Reg Fit,Long Reg Factor,Trans Moment (emu),Trans Scan Std Dev,Trans Offset (cm),Trans Offset Std Dev,Trans Algorithm,Trans Reg Fit,Trans Reg Factor,Long Moment [w/o ABS] (emu),Long Scan Std Dev [w/o ABS],Long Offset [w/o ABS] (cm),Long Offset Std Dev [w/o ABS],Long Reg Fit [w/o ABS],Trans Moment [w/o ABS] (emu),Trans Scan Std Dev [w/o ABS],Trans Offset [w/o ABS] (cm),Trans Offset Std Dev [w/o ABS],Trans Reg Fit [w/o ABS],RSO Position (deg),Amplitude (cm),Frequency,Cycles to Average,Scans per Measurement,Delta Temp (K),Error,EC Comp. Running,Using ABS,
1711888183.098,,0.000000e+000,3.000208e+002,-2.100399e-003,0.000000e+000,2.611234e-002,0.000000e+000,3,9.892484e-001,1.825000e+000,,,,,,,,,,,,,,,,,,0,3.000000e+000,1.000000e+000,5,1,4.739380e-002,0,1,0,
1711888196.274,,0.000000e+000,3.000090e+002,-2.099226e-003,0.000000e+000,2.619439e-002,0.000000e+000,3,9.893535e-001,1.825000e+000,,,,,,,,,,,,,,,,,,0,3.000000e+000,1.000000e+000,5,1,0.000000e+000,0,1,0,
1711888209.466,,0.000000e+000,2.999971e+002,-2.098765e-003,0.000000e+000,2.610217e-002,0.000000e+000,3,9.892848e-001,1.825000e+000,,,,,,,,,,,,,,,,,,0,3.000000e+000,1.000000e+000,5,1,2.371216e-002,0,1,0,
1711888224.370,,0.000000e+000,3.000149e+002,-2.097449e-003,0.000000e+000,2.617626e-002,0.000000e+000,3,9.893323e-001,1.825000e+000,,,,,,,,,,,,,,,,,,0,3.000000e+000,1.000000e+000,5,1,1.181030e-002,0,1,0,
1711888236.259,,0.000000e+000,3.000031e+002,-2.096859e-003,0.000000e+000,2.630377e-002,0.000000e+000,3,9.893464e-001,1.825000e+000,,,,,,,,,,,,,,,,,,0,3.000000e+000,1.000000e+000,5,1,1.190186e-002,0,1,0,
1711888575.751,,0.000000e+000,2.999971e+002,-2.081877e-003,0.000000e+000,2.705990e-002,0.000000e+000,3,9.892718e-001,1.825000e+000,,,,,,,,,,,,,,,,,,0,3.000000e+000,1.000000e+000,5,1,2.371216e-002,0,1,0,
1711888587.889,,0.000000e+000,3.000090e+002,-2.081765e-003,0.000000e+000,2.702843e-002,0.000000e+000,3,9.892582e-001,1.825000e+000,,,,,,,,,,,,,,,,,,0,3.000000e+000,1.000000e+000,5,1,2.371216e-002,0,1,0,
1711888603.446,,0.000000e+000,2.999912e+002,-2.081209e-003,0.000000e+000,2.714344e-002,0.000000e+000,3,9.892474e-001,1.825000e+000,,,,,,,,,,,,,,,,,,0,3.000000e+000,1.000000e+000,5,1,1.181030e-002,0,1,0,
1711888616.811,,0.000000e+000,3.000031e+002,-2.080610e-003,0.000000e+000,2.700002e-002,0.000000e+000,3,9.892713e-001,1.825000e+000,,,,,,,,,,,,,,,,,,0,3.000000e+000,1.000000e+000,5,1,1.190186e-002,0,1,0,
1711888631.000,,0.000000e+000,2.999971e+002,-2.080122e-003,0.000000e+000,2.711461e-002,0.000000e+000,3,9.892743e-001,1.825000e+000,,,,,,,,,,,,,,,,,,0,3.000000e+000,1.000000e+000,5,1,0.000000e+000,0,1,0,
1711888974.868,,0.000000e+000,3.000031e+002,-2.071481e-003,0.000000e+000,2.770470e-002,0.000000e+000,3,9.893328e-001,1.825000e+000,,,,,,,,,,,,,,,,,,0,3.000000e+000,1.000000e+000,5,1,1.190186e-002,0,1,0,
1711888989.763,,0.000000e+000,3.000090e+002,-2.071383e-003,0.000000e+000,2.765502e-002,0.000000e+000,3,9.893129e-001,1.825000e+000,,,,,,,,,,,,,,,,,,0,3.000000e+000,1.000000e+000,5,1,0.000000e+000,0,1,0,
1711889002.157,,0.000000e+000,2.999971e+002,-2.071179e-003,0.000000e+000,2.771769e-002,0.000000e+000,3,9.891687e-001,1.825000e+000,,,,,,,,,,,,,,,,,,0,3.000000e+000,1.000000e+000,5,1,0.000000e+000,0,1,0,
1711889016.800,,0.000000e+000,3.000031e+002,-2.070751e-003,0.000000e+000,2.776675e-002,0.000000e+000,3,9.892871e-001,1.825000e+000,,,,,,,,,,,,,,,,,,0,3.000000e+000,1.000000e+000,5,1,1.190186e-002,0,1,0,
1711889030.239,,0.000000e+000,3.000090e+002,-2.070615e-003,0.000000e+000,2.772301e-002,0.000000e+000,3,9.892824e-001,1.825000e+000,,,,,,,,,,,,,,,,,,0,3.000000e+000,1.000000e+000,5,1,0.000000e+000,0,1,0,
1711889360.031,,0.000000e+000,2.999971e+002,-2.064519e-003,0.000000e+000,2.804871e-002,0.000000e+000,3,9.892867e-001,1.825000e+000,,,,,,,,,,,,,,,,,,0,3.000000e+000,1.000000e+000,5,1,2.371216e-002,0,0,0,
1711889373.705,,0.000000e+000,2.999971e+002,-2.064501e-003,0.000000e+000,2.804178e-002,0.000000e+000,3,9.892452e-001,1.825000e+000,,,,,,,,,,,,,,,,,,0,3.000000e+000,1.000000e+000,5,1,0.000000e+000,0,0,0,
1711889387.348,,0.000000e+000,3.000031e+002,-2.064564e-003,0.000000e+000,2.801403e-002,0.000000e+000,3,9.891438e-001,1.825000e+000,,,,,,,,,,,,,,,,,,0,3.000000e+000,1.000000e+000,5,1,1.190186e-002,0,0,0,
1711889403.992,,0.000000e+000,3.000090e+002,-2.064192e-003,0.000000e+000,2.809074e-002,0.000000e+000,3,9.892240e-001,1.825000e+000,,,,,,,,,,,,,,,,,,0,3.000000e+000,1.000000e+000,5,1,0.000000e+000,0,0,0,
1711889416.637,,0.000000e+000,3.000031e+002,-2.063806e-003,0.000000e+000,2.801842e-002,0.000000e+000,3,9.892362e-001,1.825000e+000,,,,,,,,,,,,,,,,,,0,3.000000e+000,1.000000e+000,5,1,1.190186e-002,0,0,0,
1711889752.140,,0.000000e+000,2.999912e+002,-2.048100e-003,0.000000e+000,2.409429e-002,0.000000e+000,3,9.856536e-001,1.825000e+000,,,,,,,,,,,,,,,,,,0,3.000000e+000,1.000000e+000,5,1,1.181030e-002,0,1,0,
1711889764.054,,0.000000e+000,3.000031e+002,-2.059400e-003,0.000000e+000,2.835868e-002,0.000000e+000,3,9.891855e-001,1.825000e+000,,,,,,,,,,,,,,,,,,0,3.000000e+000,1.000000e+000,5,1,1.190186e-002,0,1,0,
1711889776.946,,0.000000e+000,3.000031e+002,-2.059308e-003,0.000000e+000,2.844100e-002,0.000000e+000,3,9.892433e-001,1.825000e+000,,,,,,,,,,,,,,,,,,0,3.000000e+000,1.000000e+000,5,1,1.190186e-002,0,1,0,
1711889792.591,,0.000000e+000,3.000090e+002,-2.059071e-003,0.000000e+000,2.841768e-002,0.000000e+000,3,9.892723e-001,1.825000e+000,,,,,,,,,,,,,,,,,,0,3.000000e+000,1.000000e+000,5,1,0.000000e+000,0,1,0,
1711889809.293,,0.000000e+000,3.000031e+002,-2.058781e-003,0.000000e+000,2.832480e-002,0.000000e+000,3,9.892767e-001,1.825000e+000,,,,,,,,,,,,,,,,,,0,3.000000e+000,1.000000e+000,5,1,1.190186e-002,0,1,0,
1711890138.529,,0.000000e+000,3.000031e+002,-2.055665e-003,0.000000e+000,2.873448e-002,0.000000e+000,3,9.891917e-001,1.825000e+000,,,,,,,,,,,,,,,,,,0,3.000000e+000,1.000000e+000,5,1,1.190186e-002,0,1,0,
1711890151.667,,0.000000e+000,2.999912e+002,-2.055297e-003,0.000000e+000,2.878657e-002,0.000000e+000,3,9.892452e-001,1.825000e+000,,,,,,,,,,,,,,,,,,0,3.000000e+000,1.000000e+000,5,1,1.181030e-002,0,1,0,
1711890164.099,,0.000000e+000,2.999971e+002,-2.055155e-003,0.000000e+000,2.873432e-002,0.000000e+000,3,9.893093e-001,1.825000e+000,,,,,,,,,,,,,,,,,,0,3.000000e+000,1.000000e+000,5,1,2.371216e-002,0,1,0,
1711890176.738,,0.000000e+000,3.000031e+002,-2.055411e-003,0.000000e+000,2.859486e-002,0.000000e+000,3,9.891089e-001,1.825000e+000,,,,,,,,,,,,,,,,,,0,3.000000e+000,1.000000e+000,5,1,1.190186e-002,0,1,0,
1711890190.388,,0.000000e+000,3.000031e+002,-2.055003e-003,0.000000e+000,2.870631e-002,0.000000e+000,3,9.892411e-001,1.825000e+000,,,,,,,,,,,,,,,,,,0,3.000000e+000,1.000000e+000,5,1,1.190186e-002,0,1,0,
1711890521.112,,0.000000e+000,3.000031e+002,-2.052136e-003,0.000000e+000,2.884977e-002,0.000000e+000,3,9.892855e-001,1.825000e+000,,,,,,,,,,,,,,,,,,0,3.000000e+000,1.000000e+000,5,1,1.190186e-002,0,1,0,
1711890535.256,,0.000000e+000,2.999971e+002,-2.052293e-003,0.000000e+000,2.887804e-002,0.000000e+000,3,9.891294e-001,1.825000e+000,,,,,,,,,,,,,,,,,,0,3.000000e+000,1.000000e+000,5,1,2.371216e-002,0,1,0,
1711890548.092,,0.000000e+000,3.000031e+002,-2.052256e-003,0.000000e+000,2.890001e-002,0.000000e+000,3,9.892208e-001,1.825000e+000,,,,,,,,,,,,,,,,,,0,3.000000e+000,1.000000e+000,5,1,1.190186e-002,0,1,0,
1711890561.704,,0.000000e+000,3.000090e+002,-2.052070e-003,0.000000e+000,2.901742e-002,0.000000e+000,3,9.892141e-001,1.825000e+000,,,,,,,,,,,,,,,,,,0,3.000000e+000,1.000000e+000,5,1,0.000000e+000,0,1,0,
1711890574.259,,0.000000e+000,2.999912e+002,-2.051848e-003,0.000000e+000,2.885524e-002,0.000000e+000,3,9.892550e-001,1.825000e+000,,,,,,,,,,,,,,,,,,0,3.000000e+000,1.000000e+000,5,1,1.181030e-002,0,1,0,
1711890906.964,,0.000000e+000,2.999971e+002,-2.049468e-003,0.000000e+000,2.915687e-002,0.000000e+000,3,9.892402e-001,1.825000e+000,,,,,,,,,,,,,,,,,,0,3.000000e+000,1.000000e+000,5,1,0.000000e+000,0,1,0,
1711890919.866,,0.000000e+000,3.000090e+002,-2.049535e-003,0.000000e+000,2.924878e-002,0.000000e+000,3,9.892006e-001,1.825000e+000,,,,,,,,,,,,,,,,,,0,3.000000e+000,1.000000e+000,5,1,0.000000e+000,0,1,0,
1711890934.067,,0.000000e+000,2.999971e+002,-2.049214e-003,0.000000e+000,2.920100e-002,0.000000e+000,3,9.893094e-001,1.825000e+000,,,,,,,,,,,,,,,,,,0,3.000000e+000,1.000000e+000,5,1,0.000000e+000,0,1,0,
1711890944.960,,0.000000e+000,3.000031e+002,-2.049395e-003,0.000000e+000,2.916001e-002,0.000000e+000,3,9.891185e-001,1.825000e+000,,,,,,,,,,,,,,,,,,0,3.000000e+000,1.000000e+000,5,1,1.190186e-002,0,1,0,
1711890957.858,,0.000000e+000,2.999971e+002,-2.049227e-003,0.000000e+000,2.909858e-002,0.000000e+000,3,9.890959e-001,1.825000e+000,,,,,,,,,,,,,,,,,,0,3.000000e+000,1.000000e+000,5,1,0.000000e+000,0,1,0,
1711891298.096,,0.000000e+000,2.999912e+002,-2.047081e-003,0.000000e+000,2.934649e-002,0.000000e+000,3,9.891990e-001,1.825000e+000,,,,,,,,,,,,,,,,,,0,3.000000e+000,1.000000e+000,5,1,1.181030e-002,0,1,0,
1711891312.490,,0.000000e+000,2.999971e+002,-2.047063e-003,0.000000e+000,2.925554e-002,0.000000e+000,3,9.892579e-001,1.825000e+000,,,,,,,,,,,,,,,,,,0,3.000000e+000,1.000000e+000,5,1,0.000000e+000,0,1,0,
1711891327.653,,0.000000e+000,2.999971e+002,-2.046912e-003,0.000000e+000,2.912091e-002,0.000000e+000,3,9.891992e-001,1.825000e+000,,,,,,,,,,,,,,,,,,0,3.000000e+000,1.000000e+000,5,1,2.371216e-002,0,1,0,
1711891342.798,,0.000000e+000,2.999971e+002,-2.046800e-003,0.000000e+000,2.925208e-002,0.000000e+000,3,9.891440e-001,1.825000e+000,,,,,,,,,,,,,,,,,,0,3.000000e+000,1.000000e+000,5,1,0.000000e+000,0,1,0,
1711891357.945,,0.000000e+000,2.999971e+002,-2.046891e-003,0.000000e+000,2.925444e-002,0.000000e+000,3,9.890888e-001,1.825000e+000,,,,,,,,,,,,,,,,,,0,3.000000e+000,1.000000e+000,5,1,0.000000e+000,0,1,0,
1711891693.158,,0.000000e+000,3.000031e+002,-2.044503e-003,0.000000e+000,2.946112e-002,0.000000e+000,3,9.891947e-001,1.825000e+000,,,,,,,,,,,,,,,,,,0,3.000000e+000,1.000000e+000,5,1,1.190186e-002,0,1,0,
1711891705.796,,0.000000e+000,3.000031e+002,-2.044589e-003,0.000000e+000,2.951035e-002,0.000000e+000,3,9.892386e-001,1.825000e+000,,,,,,,,,,,,,,,,,,0,3.000000e+000,1.000000e+000,5,1,1.190186e-002,0,1,0,
1711891721.208,,0.000000e+000,2.999912e+002,-2.044522e-003,0.000000e+000,2.949334e-002,0.000000e+000,3,9.892175e-001,1.825000e+000,,,,,,,,,,,,,,,,,,0,3.000000e+000,1.000000e+000,5,1,1.181030e-002,0,1,0,
1711891734.854,,0.000000e+000,2.999912e+002,-2.035415e-003,0.000000e+000,2.891502e-002,0.000000e+000,3,9.866439e-001,1.825000e+000,,,,,,,,,,,,,,,,,,0,3.000000e+000,1.000000e+000,5,1,1.181030e-002,0,1,0,
1711891749.008,,0.000000e+000,3.000031e+002,-2.044366e-003,0.000000e+000,2.948463e-002,0.000000e+000,3,9.891696e-001,1.825000e+000,,,,,,,,,,,,,,,,,,0,3.000000e+000,1.000000e+000,5,1,1.190186e-002,0,1,0,
1711892082.557,,0.000000e+000,3.000031e+002,-2.042095e-003,0.000000e+000,2.950615e-002,0.000000e+000,3,9.892354e-001,1.825000e+000,,,,,,,,,,,,,,,,,,0,3.000000e+000,1.000000e+000,5,1,1.190186e-002,0,1,0,
1711892094.949,,0.000000e+000,2.999912e+002,-2.041783e-003,0.000000e+000,2.960145e-002,0.000000e+000,3,9.892985e-001,1.825000e+000,,,,,,,,,,,,,,,,,,0,3.000000e+000,1.000000e+000,5,1,1.181030e-002,0,1,0,
1711892110.392,,0.000000e+000,2.999912e+002,-2.041769e-003,0.000000e+000,2.951765e-002,0.000000e+000,3,9.892011e-001,1.825000e+000,,,,,,,,,,,,,,,,,,0,3.000000e+000,1.000000e+000,5,1,1.181030e-002,0,1,0,
1711892123.968,,0.000000e+000,3.000090e+002,-2.033666e-003,0.000000e+000,2.986113e-002,0.000000e+000,3,9.878046e-001,1.825000e+000,,,,,,,,,,,,,,,,,,0,3.000000e+000,1.000000e+000,5,1,0.000000e+000,0,1,0,
1711892137.576,,0.000000e+000,3.000149e+002,-2.041875e-003,0.000000e+000,2.945287e-002,0.000000e+000,3,9.892201e-001,1.825000e+000,,,,,,,,,,,,,,,,,,0,3.000000e+000,1.000000e+000,5,1,1.181030e-002,0,1,0,
1711892471.066,,0.000000e+000,3.000090e+002,-2.039153e-003,0.000000e+000,2.944889e-002,0.000000e+000,3,9.891919e-001,1.825000e+000,,,,,,,,,,,,,,,,,,0,3.000000e+000,1.000000e+000,5,1,0.000000e+000,0,0,0,
1711892485.126,,0.000000e+000,2.999912e+002,-2.039244e-003,0.000000e+000,2.943717e-002,0.000000e+000,3,9.892032e-001,1.825000e+000,,,,,,,,,,,,,,,,,,0,3.000000e+000,1.000000e+000,5,1,1.181030e-002,0,0,0,
1711892498.480,,0.000000e+000,2.999971e+002,-2.039207e-003,0.000000e+000,2.941293e-002,0.000000e+000,3,9.892017e-001,1.825000e+000,,,,,,,,,,,,,,,,,,0,3.000000e+000,1.000000e+000,5,1,0.000000e+000,0,0,0,
1711892512.617,,0.000000e+000,2.999912e+002,-2.039213e-003,0.000000e+000,2.942551e-002,0.000000e+000,3,9.892149e-001,1.825000e+000,,,,,,,,,,,,,,,,,,0,3.000000e+000,1.000000e+000,5,1,1.181030e-002,0,0,0,
1711892527.016,,0.000000e+000,2.999912e+002,-2.039088e-003,0.000000e+000,2.955428e-002,0.000000e+000,3,9.892103e-001,1.825000e+000,,,,,,,,,,,,,,,,,,0,3.000000e+000,1.000000e+000,5,1,1.181030e-002,0,0,0,
1711892865.491,,0.000000e+000,2.999971e+002,-2.036022e-003,0.000000e+000,2.944092e-002,0.000000e+000,3,9.891970e-001,1.825000e+000,,,,,,,,,,,,,,,,,,0,3.000000e+000,1.000000e+000,5,1,0.000000e+000,0,1,0,
1711892878.633,,0.000000e+000,3.000031e+002,-2.036060e-003,0.000000e+000,2.932325e-002,0.000000e+000,3,9.892688e-001,1.825000e+000,,,,,,,,,,,,,,,,,,0,3.000000e+000,1.000000e+000,5,1,1.190186e-002,0,1,0,
1711892892.527,,0.000000e+000,2.999912e+002,-2.036100e-003,0.000000e+000,2.942738e-002,0.000000e+000,3,9.891087e-001,1.825000e+000,,,,,,,,,,,,,,,,,,0,3.000000e+000,1.000000e+000,5,1,1.181030e-002,0,1,0,
1711892906.170,,0.000000e+000,2.999971e+002,-2.035706e-003,0.000000e+000,2.945834e-002,0.000000e+000,3,9.892609e-001,1.825000e+000,,,,,,,,,,,,,,,,,,0,3.000000e+000,1.000000e+000,5,1,0.000000e+000,0,1,0,
1711892920.567,,0.000000e+000,3.000031e+002,-2.035819e-003,0.000000e+000,2.933377e-002,0.000000e+000,3,9.891242e-001,1.825000e+000,,,,,,,,,,,,,,,,,,0,3.000000e+000,1.000000e+000,5,1,1.190186e-002,0,1,0,
1711893266.509,,0.000000e+000,3.000090e+002,-2.032092e-003,0.000000e+000,2.942881e-002,0.000000e+000,3,9.892995e-001,1.825000e+000,,,,,,,,,,,,,,,,,,0,3.000000e+000,1.000000e+000,5,1,2.371216e-002,0,1,0,
1711893280.870,,0.000000e+000,3.000031e+002,-2.032182e-003,0.000000e+000,2.940726e-002,0.000000e+000,3,9.892632e-001,1.825000e+000,,,,,,,,,,,,,,,,,,0,3.000000e+000,1.000000e+000,5,1,1.190186e-002,0,1,0,
1711893294.765,,0.000000e+000,3.000090e+002,-2.032239e-003,0.000000e+000,2.945973e-002,0.000000e+000,3,9.891580e-001,1.825000e+000,,,,,,,,,,,,,,,,,,0,3.000000e+000,1.000000e+000,5,1,0.000000e+000,0,1,0,
1711893308.909,,0.000000e+000,3.000149e+002,-2.032089e-003,0.000000e+000,2.952671e-002,0.000000e+000,3,9.892305e-001,1.825000e+000,,,,,,,,,,,,,,,,,,0,3.000000e+000,1.000000e+000,5,1,1.181030e-002,0,1,0,
1711893320.967,,0.000000e+000,3.000208e+002,-2.025134e-003,0.000000e+000,2.821333e-002,0.000000e+000,3,9.872251e-001,1.825000e+000,,,,,,,,,,,,,,,,,,0,3.000000e+000,1.000000e+000,5,1,0.000000e+000,0,1,0,
1711893671.945,,0.000000e+000,3.000090e+002,-2.027543e-003,0.000000e+000,2.943800e-002,0.000000e+000,3,9.893064e-001,1.825000e+000,,,,,,,,,,,,,,,,,,0,3.000000e+000,1.000000e+000,5,1,2.371216e-002,0,1,0,
1711893685.886,,0.000000e+000,2.999971e+002,-2.027609e-003,0.000000e+000,2.941738e-002,0.000000e+000,3,9.891900e-001,1.825000e+000,,,,,,,,,,,,,,,,,,0,3.000000e+000,1.000000e+000,5,1,0.000000e+000,0,1,0,
1711893700.774,,0.000000e+000,2.999971e+002,-2.027651e-003,0.000000e+000,2.949463e-002,0.000000e+000,3,9.891399e-001,1.825000e+000,,,,,,,,,,,,,,,,,,0,3.000000e+000,1.000000e+000,5,1,0.000000e+000,0,1,0,
1711893714.164,,0.000000e+000,2.999912e+002,-2.027562e-003,0.000000e+000,2.943761e-002,0.000000e+000,3,9.892308e-001,1.825000e+000,,,,,,,,,,,,,,,,,,0,3.000000e+000,1.000000e+000,5,1,1.181030e-002,0,1,0,
1711893728.557,,0.000000e+000,2.999912e+002,-2.027712e-003,0.000000e+000,2.937922e-002,0.000000e+000,3,9.890800e-001,1.825000e+000,,,,,,,,,,,,,,,,,,0,3.000000e+000,1.000000e+000,5,1,1.181030e-002,0,1,0,
1711894082.342,,0.000000e+000,2.999793e+002,-2.022535e-003,0.000000e+000,2.944037e-002,0.000000e+000,3,9.891519e-001,1.825000e+000,,,,,,,,,,,,,,,,,,0,3.000000e+000,1.000000e+000,5,1,1.190186e-002,0,1,0,
1711894096.484,,0.000000e+000,2.999971e+002,-2.022580e-003,0.000000e+000,2.933214e-002,0.000000e+000,3,9.890813e-001,1.825000e+000,,,,,,,,,,,,,,,,,,0,3.000000e+000,1.000000e+000,5,1,0.000000e+000,0,1,0,
1711894109.877,,0.000000e+000,3.000031e+002,-2.022521e-003,0.000000e+000,2.938207e-002,0.000000e+000,3,9.891199e-001,1.825000e+000,,,,,,,,,,,,,,,,,,0,3.000000e+000,1.000000e+000,5,1,1.190186e-002,0,1,0,
1711894123.520,,0.000000e+000,3.000031e+002,-2.022055e-003,0.000000e+000,2.938331e-002,0.000000e+000,3,9.893687e-001,1.825000e+000,,,,,,,,,,,,,,,,,,0,3.000000e+000,1.000000e+000,5,1,1.190186e-002,0,1,0,
1711894138.165,,0.000000e+000,2.999971e+002,-2.022302e-003,0.000000e+000,2.940842e-002,0.000000e+000,3,9.892352e-001,1.825000e+000,,,,,,,,,,,,,,,,,,0,3.000000e+000,1.000000e+000,5,1,0.000000e+000,0,1,0,
1711894489.198,,0.000000e+000,3.000031e+002,-2.010701e-003,0.000000e+000,2.802765e-002,0.000000e+000,3,9.872281e-001,1.825000e+000,,,,,,,,,,,,,,,,,,0,3.000000e+000,1.000000e+000,5,1,3.552246e-002,0,1,0,
1711894503.114,,0.000000e+000,2.999971e+002,-2.017111e-003,0.000000e+000,2.912349e-002,0.000000e+000,3,9.890641e-001,1.825000e+000,,,,,,,,,,,,,,,,,,0,3.000000e+000,1.000000e+000,5,1,0.000000e+000,0,1,0,
1711894515.750,,0.000000e+000,2.999852e+002,-2.016963e-003,0.000000e+000,2.925438e-002,0.000000e+000,3,9.892171e-001,1.825000e+000,,,,,,,,,,,,,,,,,,0,3.000000e+000,1.000000e+000,5,1,2.371216e-002,0,1,0,
1711894528.892,,0.000000e+000,2.999971e+002,-2.016703e-003,0.000000e+000,2.920803e-002,0.000000e+000,3,9.893041e-001,1.825000e+000,,,,,,,,,,,,,,,,,,0,3.000000e+000,1.000000e+000,5,1,2.371216e-002,0,1,0,
1711894542.701,,0.000000e+000,3.000090e+002,-2.016574e-003,0.000000e+000,2.926861e-002,0.000000e+000,3,9.892980e-001,1.825000e+000,,,,,,,,,,,,,,,,,,0,3.000000e+000,1.000000e+000,5,1,0.000000e+000,0,1,0,
1711894887.207,,0.000000e+000,2.999971e+002,-2.011132e-003,0.000000e+000,2.913422e-002,0.000000e+000,3,9.892197e-001,1.825000e+000,,,,,,,,,,,,,,,,,,0,3.000000e+000,1.000000e+000,5,1,0.000000e+000,0,1,0,
1711894899.780,,0.000000e+000,2.999912e+002,-2.010885e-003,0.000000e+000,2.904515e-002,0.000000e+000,3,9.891610e-001,1.825000e+000,,,,,,,,,,,,,,,,,,0,3.000000e+000,1.000000e+000,5,1,1.181030e-002,0,1,0,
1711894913.144,,0.000000e+000,2.999912e+002,-2.010943e-003,0.000000e+000,2.912915e-002,0.000000e+000,3,9.892183e-001,1.825000e+000,,,,,,,,,,,,,,,,,,0,3.000000e+000,1.000000e+000,5,1,1.181030e-002,0,1,0,
1711894929.818,,0.000000e+000,3.000031e+002,-2.010945e-003,0.000000e+000,2.915533e-002,0.000000e+000,3,9.891899e-001,1.825000e+000,,,,,,,,,,,,,,,,,,0,3.000000e+000,1.000000e+000,5,1,1.190186e-002,0,1,0,
1711894943.464,,0.000000e+000,3.000031e+002,-2.010611e-003,0.000000e+000,2.913289e-002,0.000000e+000,3,9.892206e-001,1.825000e+000,,,,,,,,,,,,,,,,,,0,3.000000e+000,1.000000e+000,5,1,1.190186e-002,0,1,0,
1711895281.979,,0.000000e+000,3.000031e+002,-2.004878e-003,0.000000e+000,2.906081e-002,0.000000e+000,3,9.891878e-001,1.825000e+000,,,,,,,,,,,,,,,,,,0,3.000000e+000,1.000000e+000,5,1,3.552246e-002,0,0,0,
1711895297.872,,0.000000e+000,2.999971e+002,-1.996111e-003,0.000000e+000,2.943546e-002,0.000000e+000,3,9.879317e-001,1.825000e+000,,,,,,,,,,,,,,,,,,0,3.000000e+000,1.000000e+000,5,1,0.000000e+000,0,0,0,
1711895311.512,,0.000000e+000,3.000031e+002,-2.004812e-003,0.000000e+000,2.898253e-002,0.000000e+000,3,9.890732e-001,1.825000e+000,,,,,,,,,,,,,,,,,,0,3.000000e+000,1.000000e+000,5,1,1.190186e-002,0,0,0,
1711895326.158,,0.000000e+000,2.999912e+002,-2.004597e-003,0.000000e+000,2.896772e-002,0.000000e+000,3,9.891434e-001,1.825000e+000,,,,,,,,,,,,,,,,,,0,3.000000e+000,1.000000e+000,5,1,3.561401e-002,0,0,0,
1711895339.308,,0.000000e+000,3.000149e+002,-2.004490e-003,0.000000e+000,2.893372e-002,0.000000e+000,3,9.891127e-001,1.825000e+000,,,,,,,,,,,,,,,,,,0,3.000000e+000,1.000000e+000,5,1,1.181030e-002,0,0,0,
1711895699.842,,0.000000e+000,2.999853e+002,-1.997710e-003,0.000000e+000,2.875492e-002,0.000000e+000,3,9.890835e-001,1.825000e+000,,,,,,,,,,,,,,,,,,0,3.000000e+000,1.000000e+000,5,1,4.739380e-002,0,1,0,
1711895712.734,,0.000000e+000,2.999734e+002,-1.997381e-003,0.000000e+000,2.880039e-002,0.000000e+000,3,9.891823e-001,1.825000e+000,,,,,,,,,,,,,,,,,,0,3.000000e+000,1.000000e+000,5,1,2.368164e-002,0,1,0,
1711895727.125,,0.000000e+000,3.000031e+002,-1.997340e-003,0.000000e+000,2.879684e-002,0.000000e+000,3,9.892364e-001,1.825000e+000,,,,,,,,,,,,,,,,,,0,3.000000e+000,1.000000e+000,5,1,1.190186e-002,0,1,0,
1711895741.054,,0.000000e+000,2.999912e+002,-1.997277e-003,0.000000e+000,2.873086e-002,0.000000e+000,3,9.891022e-001,1.825000e+000,,,,,,,,,,,,,,,,,,0,3.000000e+000,1.000000e+000,5,1,1.181030e-002,0,1,0,
1711895755.941,,0.000000e+000,2.999971e+002,-1.997324e-003,0.000000e+000,2.879306e-002,0.000000e+000,3,9.890898e-001,1.825000e+000,,,,,,,,,,,,,,,,,,0,3.000000e+000,1.000000e+000,5,1,0.000000e+000,0,1,0,
1711896115.504,,0.000000e+000,3.000031e+002,-1.989477e-003,0.000000e+000,2.868421e-002,0.000000e+000,3,9.892043e-001,1.825000e+000,,,,,,,,,,,,,,,,,,0,3.000000e+000,1.000000e+000,5,1,1.190186e-002,0,1,0,
1711896129.897,,0.000000e+000,3.000031e+002,-1.989720e-003,0.000000e+000,2.859412e-002,0.000000e+000,3,9.892215e-001,1.825000e+000,,,,,,,,,,,,,,,,,,0,3.000000e+000,1.000000e+000,5,1,1.190186e-002,0,1,0,
1711896144.553,,0.000000e+000,3.000031e+002,-1.989386e-003,0.000000e+000,2.861864e-002,0.000000e+000,3,9.892160e-001,1.825000e+000,,,,,,,,,,,,,,,,,,0,3.000000e+000,1.000000e+000,5,1,1.190186e-002,0,1,0,
1711896158.951,,0.000000e+000,3.000031e+002,-1.989829e-003,0.000000e+000,2.872581e-002,0.000000e+000,3,9.891701e-001,1.825000e+000,,,,,,,,,,,,,,,,,,0,3.000000e+000,1.000000e+000,5,1,1.190186e-002,0,1,0,
1711896171.600,,0.000000e+000,3.000090e+002,-1.989763e-003,0.000000e+000,2.869191e-002,0.000000e+000,3,9.891679e-001,1.825000e+000,,,,,,,,,,,,,,,,,,0,3.000000e+000,1.000000e+000,5,1,0.000000e+000,0,1,0,
1711896531.880,,0.000000e+000,2.999853e+002,-1.981570e-003,0.000000e+000,2.854330e-002,0.000000e+000,3,9.893459e-001,1.825000e+000,,,,,,,,,,,,,,,,,,0,3.000000e+000,1.000000e+000,5,1,0.000000e+000,0,1,0,
1711896546.293,,0.000000e+000,2.999971e+002,-1.981720e-003,0.000000e+000,2.848487e-002,0.000000e+000,3,9.893280e-001,1.825000e+000,,,,,,,,,,,,,,,,,,0,3.000000e+000,1.000000e+000,5,1,0.000000e+000,0,1,0,
1711896559.438,,0.000000e+000,3.000031e+002,-1.981600e-003,0.000000e+000,2.837974e-002,0.000000e+000,3,9.892560e-001,1.825000e+000,,,,,,,,,,,,,,,,,,0,3.000000e+000,1.000000e+000,5,1,1.190186e-002,0,1,0,
1711896572.333,,0.000000e+000,3.000090e+002,-1.981653e-003,0.000000e+000,2.856180e-002,0.000000e+000,3,9.892822e-001,1.825000e+000,,,,,,,,,,,,,,,,,,0,3.000000e+000,1.000000e+000,5,1,2.371216e-002,0,1,0,
1711896587.228,,0.000000e+000,2.999912e+002,-1.981643e-003,0.000000e+000,2.849722e-002,0.000000e+000,3,9.892107e-001,1.825000e+000,,,,,,,,,,,,,,,,,,0,3.000000e+000,1.000000e+000,5,1,3.561401e-002,0,1,0,
1711896938.745,,0.000000e+000,2.999912e+002,-1.973503e-003,0.000000e+000,2.839459e-002,0.000000e+000,3,9.893154e-001,1.825000e+000,,,,,,,,,,,,,,,,,,0,3.000000e+000,1.000000e+000,5,1,1.181030e-002,0,1,0,
1711896951.641,,0.000000e+000,2.999971e+002,-1.973536e-003,0.000000e+000,2.836638e-002,0.000000e+000,3,9.892544e-001,1.825000e+000,,,,,,,,,,,,,,,,,,0,3.000000e+000,1.000000e+000,5,1,0.000000e+000,0,1,0,
1711896964.947,,0.000000e+000,2.999971e+002,-1.973407e-003,0.000000e+000,2.836375e-002,0.000000e+000,3,9.893875e-001,1.825000e+000,,,,,,,,,,,,,,,,,,0,3.000000e+000,1.000000e+000,5,1,0.000000e+000,0,1,0,
1711896978.054,,0.000000e+000,3.000031e+002,-1.973474e-003,0.000000e+000,2.837148e-002,0.000000e+000,3,9.892435e-001,1.825000e+000,,,,,,,,,,,,,,,,,,0,3.000000e+000,1.000000e+000,5,1,1.190186e-002,0,1,0,
1711896991.198,,0.000000e+000,2.999971e+002,-1.973313e-003,0.000000e+000,2.837746e-002,0.000000e+000,3,9.893077e-001,1.825000e+000,,,,,,,,,,,,,,,,,,0,3.000000e+000,1.000000e+000,5,1,2.371216e-002,0,1,0,
1711897335.450,,0.000000e+000,2.999853e+002,-1.965212e-003,0.000000e+000,2.818142e-002,0.000000e+000,3,9.891651e-001,1.825000e+000,,,,,,,,,,,,,,,,,,0,3.000000e+000,1.000000e+000,5,1,0.000000e+000,0,1,0,
1711897349.093,,0.000000e+000,3.000031e+002,-1.965226e-003,0.000000e+000,2.819953e-002,0.000000e+000,3,9.893471e-001,1.825000e+000,,,,,,,,,,,,,,,,,,0,3.000000e+000,1.000000e+000,5,1,3.552246e-002,0,1,0,
1711897363.238,,0.000000e+000,2.999971e+002,-1.964950e-003,0.000000e+000,2.823139e-002,0.000000e+000,3,9.893278e-001,1.825000e+000,,,,,,,,,,,,,,,,,,0,3.000000e+000,1.000000e+000,5,1,2.371216e-002,0,1,0,
1711897376.562,,0.000000e+000,2.999853e+002,-1.965122e-003,0.000000e+000,2.824503e-002,0.000000e+000,3,9.892802e-001,1.825000e+000,,,,,,,,,,,,,,,,,,0,3.000000e+000,1.000000e+000,5,1,0.000000e+000,0,1,0,
1711897391.919,,0.000000e+000,3.000031e+002,-1.965054e-003,0.000000e+000,2.813946e-002,0.000000e+000,3,9.892991e-001,1.825000e+000,,,,,,,,,,,,,,,,,,0,3.000000e+000,1.000000e+000,5,1,1.190186e-002,0,1,0,
1711897753.731,,0.000000e+000,2.999852e+002,-1.956372e-003,0.000000e+000,2.803865e-002,0.000000e+000,3,9.892024e-001,1.825000e+000,,,,,,,,,,,,,,,,,,0,3.000000e+000,1.000000e+000,5,1,2.371216e-002,0,1,0,
1711897767.620,,0.000000e+000,3.000031e+002,-1.956654e-003,0.000000e+000,2.816695e-002,0.000000e+000,3,9.892582e-001,1.825000e+000,,,,,,,,,,,,,,,,,,0,3.000000e+000,1.000000e+000,5,1,1.190186e-002,0,1,0,
1711897780.292,,0.000000e+000,2.999971e+002,-1.956677e-003,0.000000e+000,2.804290e-002,0.000000e+000,3,9.892019e-001,1.825000e+000,,,,,,,,,,,,,,,,,,0,3.000000e+000,1.000000e+000,5,1,0.000000e+000,0,1,0,
1711897795.351,,0.000000e+000,2.999971e+002,-1.956336e-003,0.000000e+000,2.813587e-002,0.000000e+000,3,9.893203e-001,1.825000e+000,,,,,,,,,,,,,,,,,,0,3.000000e+000,1.000000e+000,5,1,0.000000e+000,0,1,0,
1711897807.708,,0.000000e+000,2.999912e+002,-1.956657e-003,0.000000e+000,2.808557e-002,0.000000e+000,3,9.893749e-001,1.825000e+000,,,,,,,,,,,,,,,,,,0,3.000000e+000,1.000000e+000,5,1,1.181030e-002,0,1,0,
1711898160.003,,0.000000e+000,3.000031e+002,-1.948821e-003,0.000000e+000,2.802697e-002,0.000000e+000,3,9.892091e-001,1.825000e+000,,,,,,,,,,,,,,,,,,0,3.000000e+000,1.000000e+000,5,1,1.190186e-002,0,0,0,
1711898174.076,,0.000000e+000,2.999971e+002,-1.948961e-003,0.000000e+000,2.798088e-002,0.000000e+000,3,9.892362e-001,1.825000e+000,,,,,,,,,,,,,,,,,,0,3.000000e+000,1.000000e+000,5,1,0.000000e+000,0,0,0,
1711898187.709,,0.000000e+000,2.999971e+002,-1.949062e-003,0.000000e+000,2.791746e-002,0.000000e+000,3,9.891778e-001,1.825000e+000,,,,,,,,,,,,,,,,,,0,3.000000e+000,1.000000e+000,5,1,0.000000e+000,0,0,0,
1711898202.392,,0.000000e+000,3.000031e+002,-1.949115e-003,0.000000e+000,2.805059e-002,0.000000e+000,3,9.892920e-001,1.825000e+000,,,,,,,,,,,,,,,,,,0,3.000000e+000,1.000000e+000,5,1,1.190186e-002,0,0,0,
1711898215.784,,0.000000e+000,3.000031e+002,-1.949103e-003,0.000000e+000,2.790904e-002,0.000000e+000,3,9.892313e-001,1.825000e+000,,,,,,,,,,,,,,,,,,0,3.000000e+000,1.000000e+000,5,1,1.190186e-002,0,0,0,
1711898570.561,,0.000000e+000,2.999912e+002,-1.941180e-003,0.000000e+000,2.802600e-002,0.000000e+000,3,9.893416e-001,1.825000e+000,,,,,,,,,,,,,,,,,,0,3.000000e+000,1.000000e+000,5,1,1.181030e-002,0,1,0,
1711898584.383,,0.000000e+000,3.000031e+002,-1.941427e-003,0.000000e+000,2.797579e-002,0.000000e+000,3,9.893405e-001,1.825000e+000,,,,,,,,,,,,,,,,,,0,3.000000e+000,1.000000e+000,5,1,1.190186e-002,0,1,0,
1711898598.240,,0.000000e+000,3.000090e+002,-1.941576e-003,0.000000e+000,2.800204e-002,0.000000e+000,3,9.893009e-001,1.825000e+000,,,,,,,,,,,,,,,,,,0,3.000000e+000,1.000000e+000,5,1,2.371216e-002,0,1,0,
1711898612.885,,0.000000e+000,2.999853e+002,-1.941613e-003,0.000000e+000,2.808018e-002,0.000000e+000,3,9.893171e-001,1.825000e+000,,,,,,,,,,,,,,,,,,0,3.000000e+000,1.000000e+000,5,1,0.000000e+000,0,1,0,
1711898627.534,,0.000000e+000,2.999912e+002,-1.941567e-003,0.000000e+000,2.800176e-002,0.000000e+000,3,9.892833e-001,1.825000e+000,,,,,,,,,,,,,,,,,,0,3.000000e+000,1.000000e+000,5,1,1.181030e-002,0,1,0,
1711898981.713,,0.000000e+000,2.999971e+002,-1.933742e-003,0.000000e+000,2.801108e-002,0.000000e+000,3,9.892253e-001,1.825000e+000,,,,,,,,,,,,,,,,,,0,3.000000e+000,1.000000e+000,5,1,0.000000e+000,0,1,0,
1711898996.066,,0.000000e+000,3.000090e+002,-1.933813e-003,0.000000e+000,2.810444e-002,0.000000e+000,3,9.892979e-001,1.825000e+000,,,,,,,,,,,,,,,,,,0,3.000000e+000,1.000000e+000,5,1,0.000000e+000,0,1,0,
1711899010.210,,0.000000e+000,2.999912e+002,-1.933896e-003,0.000000e+000,2.827918e-002,0.000000e+000,3,9.894302e-001,1.825000e+000,,,,,,,,,,,,,,,,,,0,3.000000e+000,1.000000e+000,5,1,1.181030e-002,0,1,0,
1711899024.854,,0.000000e+000,3.000031e+002,-1.934092e-003,0.000000e+000,2.798312e-002,0.000000e+000,3,9.893444e-001,1.825000e+000,,,,,,,,,,,,,,,,,,0,3.000000e+000,1.000000e+000,5,1,1.190186e-002,0,1,0,
1711899039.497,,0.000000e+000,3.000090e+002,-1.934387e-003,0.000000e+000,2.808443e-002,0.000000e+000,3,9.892292e-001,1.825000e+000,,,,,,,,,,,,,,,,,,0,3.000000e+000,1.000000e+000,5,1,2.371216e-002,0,1,0,
1711899412.083,,0.000000e+000,3.000031e+002,-1.924463e-003,0.000000e+000,2.825429e-002,0.000000e+000,3,9.893751e-001,1.825000e+000,,,,,,,,,,,,,,,,,,0,3.000000e+000,1.000000e+000,5,1,1.190186e-002,0,1,0,
1711899426.227,,0.000000e+000,3.000090e+002,-1.924995e-003,0.000000e+000,2.819791e-002,0.000000e+000,3,9.891933e-001,1.825000e+000,,,,,,,,,,,,,,,,,,0,3.000000e+000,1.000000e+000,5,1,0.000000e+000,0,1,0,
1711899438.796,,0.000000e+000,2.999971e+002,-1.925126e-003,0.000000e+000,2.833636e-002,0.000000e+000,3,9.892892e-001,1.825000e+000,,,,,,,,,,,,,,,,,,0,3.000000e+000,1.000000e+000,5,1,2.371216e-002,0,1,0,
1711899453.158,,0.000000e+000,2.999912e+002,-1.925406e-003,0.000000e+000,2.827091e-002,0.000000e+000,3,9.892292e-001,1.825000e+000,,,,,,,,,,,,,,,,,,0,3.000000e+000,1.000000e+000,5,1,1.181030e-002,0,1,0,
1711899467.802,,0.000000e+000,2.999971e+002,-1.925331e-003,0.000000e+000,2.811048e-002,0.000000e+000,3,9.893163e-001,1.825000e+000,,,,,,,,,,,,,,,,,,0,3.000000e+000,1.000000e+000,5,1,0.000000e+000,0,1,0,
1711899841.418,,0.000000e+000,3.000090e+002,-1.915083e-003,0.000000e+000,2.844076e-002,0.000000e+000,3,9.892991e-001,1.825000e+000,,,,,,,,,,,,,,,,,,0,3.000000e+000,1.000000e+000,5,1,0.000000e+000,0,1,0,
1711899856.078,,0.000000e+000,2.999971e+002,-1.915269e-003,0.000000e+000,2.834508e-002,0.000000e+000,3,9.891908e-001,1.825000e+000,,,,,,,,,,,,,,,,,,0,3.000000e+000,1.000000e+000,5,1,0.000000e+000,0,1,0,
1711899869.976,,0.000000e+000,2.999971e+002,-1.915214e-003,0.000000e+000,2.837581e-002,0.000000e+000,3,9.894063e-001,1.825000e+000,,,,,,,,,,,,,,,,,,0,3.000000e+000,1.000000e+000,5,1,0.000000e+000,0,1,0,
1711899883.119,,0.000000e+000,3.000031e+002,-1.915508e-003,0.000000e+000,2.841051e-002,0.000000e+000,3,9.892994e-001,1.825000e+000,,,,,,,,,,,,,,,,,,0,3.000000e+000,1.000000e+000,5,1,1.190186e-002,0,1,0,
1711899897.010,,0.000000e+000,2.999971e+002,-1.915683e-003,0.000000e+000,2.826053e-002,0.000000e+000,3,9.893063e-001,1.825000e+000,,,,,,,,,,,,,,,,,,0,3.000000e+000,1.000000e+000,5,1,0.000000e+000,0,1,0,
1711900264.287,,0.000000e+000,3.000031e+002,-1.904183e-003,0.000000e+000,2.853036e-002,0.000000e+000,3,9.892862e-001,1.825000e+000,,,,,,,,,,,,,,,,,,0,3.000000e+000,1.000000e+000,5,1,1.190186e-002,0,1,0,
1711900279.431,,0.000000e+000,3.000031e+002,-1.904203e-003,0.000000e+000,2.856421e-002,0.000000e+000,3,9.893717e-001,1.825000e+000,,,,,,,,,,,,,,,,,,0,3.000000e+000,1.000000e+000,5,1,1.190186e-002,0,1,0,
1711900294.575,,0.000000e+000,3.000031e+002,-1.904609e-003,0.000000e+000,2.859096e-002,0.000000e+000,3,9.893011e-001,1.825000e+000,,,,,,,,,,,,,,,,,,0,3.000000e+000,1.000000e+000,5,1,1.190186e-002,0,1,0,
1711900310.716,,0.000000e+000,3.000031e+002,-1.904556e-003,0.000000e+000,2.855464e-002,0.000000e+000,3,9.893381e-001,1.825000e+000,,,,,,,,,,,,,,,,,,0,3.000000e+000,1.000000e+000,5,1,1.190186e-002,0,1,0,
1711900325.364,,0.000000e+000,2.999971e+002,-1.904966e-003,0.000000e+000,2.845932e-002,0.000000e+000,3,9.892583e-001,1.825000e+000,,,,,,,,,,,,,,,,,,0,3.000000e+000,1.000000e+000,5,1,0.000000e+000,0,1,0,
1711900682.281,,0.000000e+000,2.999912e+002,-1.891064e-003,0.000000e+000,2.866016e-002,0.000000e+000,3,9.892364e-001,1.825000e+000,,,,,,,,,,,,,,,,,,0,3.000000e+000,1.000000e+000,5,1,1.181030e-002,0,0,0,
1711900696.386,,0.000000e+000,3.000090e+002,-1.891394e-003,0.000000e+000,2.859347e-002,0.000000e+000,3,9.891616e-001,1.825000e+000,,,,,,,,,,,,,,,,,,0,3.000000e+000,1.000000e+000,5,1,0.000000e+000,0,0,0,
1711900709.032,,0.000000e+000,2.999971e+002,-1.891406e-003,0.000000e+000,2.858124e-002,0.000000e+000,3,9.892067e-001,1.825000e+000,,,,,,,,,,,,,,,,,,0,3.000000e+000,1.000000e+000,5,1,2.371216e-002,0,0,0,
1711900722.423,,0.000000e+000,3.000031e+002,-1.891598e-003,0.000000e+000,2.853446e-002,0.000000e+000,3,9.893179e-001,1.825000e+000,,,,,,,,,,,,,,,,,,0,3.000000e+000,1.000000e+000,5,1,1.190186e-002,0,0,0,
1711900734.563,,0.000000e+000,2.999971e+002,-1.891649e-003,0.000000e+000,2.862600e-002,0.000000e+000,3,9.893615e-001,1.825000e+000,,,,,,,,,,,,,,,,,,0,3.000000e+000,1.000000e+000,5,1,0.000000e+000,0,0,0,
1711901099.348,,0.000000e+000,2.999912e+002,-1.873223e-003,0.000000e+000,2.876910e-002,0.000000e+000,3,9.893570e-001,1.825000e+000,,,,,,,,,,,,,,,,,,0,3.000000e+000,1.000000e+000,5,1,1.181030e-002,0,1,0,
1711901114.743,,0.000000e+000,2.999912e+002,-1.873741e-003,0.000000e+000,2.874665e-002,0.000000e+000,3,9.892029e-001,1.825000e+000,,,,,,,,,,,,,,,,,,0,3.000000e+000,1.000000e+000,5,1,1.181030e-002,0,1,0,
1711901128.136,,0.000000e+000,2.999971e+002,-1.873796e-003,0.000000e+000,2.874400e-002,0.000000e+000,3,9.892964e-001,1.825000e+000,,,,,,,,,,,,,,,,,,0,3.000000e+000,1.000000e+000,5,1,0.000000e+000,0,1,0,
1711901141.041,,0.000000e+000,3.000031e+002,-1.873875e-003,0.000000e+000,2.864008e-002,0.000000e+000,3,9.892463e-001,1.825000e+000,,,,,,,,,,,,,,,,,,0,3.000000e+000,1.000000e+000,5,1,1.190186e-002,0,1,0,
1711901154.853,,0.000000e+000,3.000090e+002,-1.873933e-003,0.000000e+000,2.867163e-002,0.000000e+000,3,9.893655e-001,1.825000e+000,,,,,,,,,,,,,,,,,,0,3.000000e+000,1.000000e+000,5,1,0.000000e+000,0,1,0,
1711901513.615,,0.000000e+000,2.999971e+002,-1.851389e-003,0.000000e+000,2.893610e-002,0.000000e+000,3,9.892840e-001,1.825000e+000,,,,,,,,,,,,,,,,,,0,3.000000e+000,1.000000e+000,5,1,0.000000e+000,0,1,0,
1711901528.514,,0.000000e+000,3.000090e+002,-1.851667e-003,0.000000e+000,2.902248e-002,0.000000e+000,3,9.893002e-001,1.825000e+000,,,,,,,,,,,,,,,,,,0,3.000000e+000,1.000000e+000,5,1,2.371216e-002,0,1,0,
1711901542.942,,0.000000e+000,3.000090e+002,-1.852032e-003,0.000000e+000,2.898894e-002,0.000000e+000,3,9.892339e-001,1.825000e+000,,,,,,,,,,,,,,,,,,0,3.000000e+000,1.000000e+000,5,1,0.000000e+000,0,1,0,
1711901556.507,,0.000000e+000,2.999912e+002,-1.852212e-003,0.000000e+000,2.902239e-002,0.000000e+000,3,9.893600e-001,1.825000e+000,,,,,,,,,,,,,,,,,,0,3.000000e+000,1.000000e+000,5,1,1.181030e-002,0,1,0,
1711901569.863,,0.000000e+000,3.000031e+002,-1.852666e-003,0.000000e+000,2.887700e-002,0.000000e+000,3,9.891985e-001,1.825000e+000,,,,,,,,,,,,,,,,,,0,3.000000e+000,1.000000e+000,5,1,1.190186e-002,0,1,0,
1711901939.641,,0.000000e+000,2.999971e+002,-1.821675e-003,0.000000e+000,2.917461e-002,0.000000e+000,3,9.893244e-001,1.825000e+000,,,,,,,,,,,,,,,,,,0,3.000000e+000,1.000000e+000,5,1,2.371216e-002,0,1,0,
1711901951.824,,0.000000e+000,3.000031e+002,-1.821936e-003,0.000000e+000,2.922138e-002,0.000000e+000,3,9.892467e-001,1.825000e+000,,,,,,,,,,,,,,,,,,0,3.000000e+000,1.000000e+000,5,1,1.190186e-002,0,1,0,
1711901965.463,,0.000000e+000,2.999912e+002,-1.821884e-003,0.000000e+000,2.917677e-002,0.000000e+000,3,9.893731e-001,1.825000e+000,,,,,,,,,,,,,,,,,,0,3.000000e+000,1.000000e+000,5,1,1.181030e-002,0,1,0,
1711901979.609,,0.000000e+000,2.999912e+002,-1.822481e-003,0.000000e+000,2.916503e-002,0.000000e+000,3,9.892341e-001,1.825000e+000,,,,,,,,,,,,,,,,,,0,3.000000e+000,1.000000e+000,5,1,1.181030e-002,0,1,0,
1711901993.253,,0.000000e+000,2.999971e+002,-1.822273e-003,0.000000e+000,2.916851e-002,0.000000e+000,3,9.893589e-001,1.825000e+000,,,,,,,,,,,,,,,,,,0,3.000000e+000,1.000000e+000,5,1,2.371216e-002,0,1,0,
1711902362.074,,0.000000e+000,3.000031e+002,-1.783102e-003,0.000000e+000,2.943666e-002,0.000000e+000,3,9.891775e-001,1.825000e+000,,,,,,,,,,,,,,,,,,0,3.000000e+000,1.000000e+000,5,1,1.190186e-002,0,1,0,
1711902375.501,,0.000000e+000,3.000090e+002,-1.783453e-003,0.000000e+000,2.947458e-002,0.000000e+000,3,9.892107e-001,1.825000e+000,,,,,,,,,,,,,,,,,,0,3.000000e+000,1.000000e+000,5,1,2.371216e-002,0,1,0,
1711902389.140,,0.000000e+000,3.000031e+002,-1.783370e-003,0.000000e+000,2.951796e-002,0.000000e+000,3,9.894366e-001,1.825000e+000,,,,,,,,,,,,,,,,,,0,3.000000e+000,1.000000e+000,5,1,1.190186e-002,0,1,0,
1711902403.819,,0.000000e+000,3.000031e+002,-1.783893e-003,0.000000e+000,2.944202e-002,0.000000e+000,3,9.893588e-001,1.825000e+000,,,,,,,,,,,,,,,,,,0,3.000000e+000,1.000000e+000,5,1,1.190186e-002,0,1,0,
1711902416.710,,0.000000e+000,2.999912e+002,-1.784363e-003,0.000000e+000,2.949238e-002,0.000000e+000,3,9.893150e-001,1.825000e+000,,,,,,,,,,,,,,,,,,0,3.000000e+000,1.000000e+000,5,1,1.181030e-002,0,1,0,
1711902781.173,,0.000000e+000,2.999853e+002,-1.731909e-003,0.000000e+000,2.980697e-002,0.000000e+000,3,9.891716e-001,1.825000e+000,,,,,,,,,,,,,,,,,,0,3.000000e+000,1.000000e+000,5,1,0.000000e+000,0,1,0,
1711902796.283,,0.000000e+000,2.999853e+002,-1.732271e-003,0.000000e+000,2.975799e-002,0.000000e+000,3,9.892572e-001,1.825000e+000,,,,,,,,,,,,,,,,,,0,3.000000e+000,1.000000e+000,5,1,0.000000e+000,0,1,0,
1711902810.425,,0.000000e+000,2.999853e+002,-1.732759e-003,0.000000e+000,2.981691e-002,0.000000e+000,3,9.892786e-001,1.825000e+000,,,,,,,,,,,,,,,,,,0,3.000000e+000,1.000000e+000,5,1,0.000000e+000,0,1,0,
1711902823.985,,0.000000e+000,2.999912e+002,-1.733091e-003,0.000000e+000,2.970333e-002,0.000000e+000,3,9.893293e-001,1.825000e+000,,,,,,,,,,,,,,,,,,0,3.000000e+000,1.000000e+000,5,1,1.181030e-002,0,1,0,
1711902838.091,,0.000000e+000,3.000031e+002,-1.733454e-003,0.000000e+000,2.983760e-002,0.000000e+000,3,9.892659e-001,1.825000e+000,,,,,,,,,,,,,,,,,,0,3.000000e+000,1.000000e+000,5,1,1.190186e-002,0,1,0,
1711903213.619,,0.000000e+000,3.000031e+002,-1.659875e-003,0.000000e+000,3.019657e-002,0.000000e+000,3,9.892331e-001,1.825000e+000,,,,,,,,,,,,,,,,,,0,3.000000e+000,1.000000e+000,5,1,1.190186e-002,0,0,0,
1711903226.011,,0.000000e+000,3.000031e+002,-1.660469e-003,0.000000e+000,3.004679e-002,0.000000e+000,3,9.891645e-001,1.825000e+000,,,,,,,,,,,,,,,,,,0,3.000000e+000,1.000000e+000,5,1,1.190186e-002,0,0,0,
1711903241.908,,0.000000e+000,3.000031e+002,-1.661045e-003,0.000000e+000,3.009701e-002,0.000000e+000,3,9.891939e-001,1.825000e+000,,,,,,,,,,,,,,,,,,0,3.000000e+000,1.000000e+000,5,1,1.190186e-002,0,0,0,
1711903255.799,,0.000000e+000,3.000031e+002,-1.661355e-003,0.000000e+000,3.001101e-002,0.000000e+000,3,9.892690e-001,1.825000e+000,,,,,,,,,,,,,,,,,,0,3.000000e+000,1.000000e+000,5,1,1.190186e-002,0,0,0,
1711903270.606,,0.000000e+000,3.000031e+002,-1.662113e-003,0.000000e+000,3.016209e-002,0.000000e+000,3,9.891221e-001,1.825000e+000,,,,,,,,,,,,,,,,,,0,3.000000e+000,1.000000e+000,5,1,1.190186e-002,0,0,0,
1711903643.914,,0.000000e+000,3.000090e+002,-1.565178e-003,0.000000e+000,3.028343e-002,0.000000e+000,3,9.891475e-001,1.825000e+000,,,,,,,,,,,,,,,,,,0,3.000000e+000,1.000000e+000,5,1,0.000000e+000,0,1,0,
1711903657.806,,0.000000e+000,3.000031e+002,-1.565553e-003,0.000000e+000,3.046012e-002,0.000000e+000,3,9.892925e-001,1.825000e+000,,,,,,,,,,,,,,,,,,0,3.000000e+000,1.000000e+000,5,1,1.190186e-002,0,1,0,
1711903670.753,,0.000000e+000,3.000031e+002,-1.566197e-003,0.000000e+000,3.025792e-002,0.000000e+000,3,9.891655e-001,1.825000e+000,,,,,,,,,,,,,,,,,,0,3.000000e+000,1.000000e+000,5,1,1.190186e-002,0,1,0,
1711903687.402,,0.000000e+000,3.000031e+002,-1.566818e-003,0.000000e+000,3.025308e-002,0.000000e+000,3,9.890750e-001,1.825000e+000,,,,,,,,,,,,,,,,,,0,3.000000e+000,1.000000e+000,5,1,1.190186e-002,0,1,0,
1711903699.542,,0.000000e+000,2.999971e+002,-1.566961e-003,0.000000e+000,3.048941e-002,0.000000e+000,3,9.893537e-001,1.825000e+000,,,,,,,,,,,,,,,,,,0,3.000000e+000,1.000000e+000,5,1,0.000000e+000,0,1,0,
1711904083.852,,0.000000e+000,3.000031e+002,-1.423748e-003,0.000000e+000,3.086112e-002,0.000000e+000,3,9.892063e-001,1.825000e+000,,,,,,,,,,,,,,,,,,0,3.000000e+000,1.000000e+000,5,1,1.190186e-002,0,1,0,
1711904098.741,,0.000000e+000,3.000031e+002,-1.424436e-003,0.000000e+000,3.090948e-002,0.000000e+000,3,9.892493e-001,1.825000e+000,,,,,,,,,,,,,,,,,,0,3.000000e+000,1.000000e+000,5,1,1.190186e-002,0,1,0,
1711904111.939,,0.000000e+000,2.999853e+002,-1.425101e-003,0.000000e+000,3.095463e-002,0.000000e+000,3,9.892676e-001,1.825000e+000,,,,,,,,,,,,,,,,,,0,3.000000e+000,1.000000e+000,5,1,0.000000e+000,0,1,0,
1711904126.337,,0.000000e+000,2.999971e+002,-1.425871e-003,0.000000e+000,3.086323e-002,0.000000e+000,3,9.891874e-001,1.825000e+000,,,,,,,,,,,,,,,,,,0,3.000000e+000,1.000000e+000,5,1,2.371216e-002,0,1,0,
1711904141.482,,0.000000e+000,2.999971e+002,-1.426234e-003,0.000000e+000,3.088416e-002,0.000000e+000,3,9.892478e-001,1.825000e+000,,,,,,,,,,,,,,,,,,0,3.000000e+000,1.000000e+000,5,1,0.000000e+000,0,1,0,
1711904515.561,,0.000000e+000,3.000031e+002,-1.228831e-003,0.000000e+000,3.134250e-002,0.000000e+000,3,9.890324e-001,1.825000e+000,,,,,,,,,,,,,,,,,,0,3.000000e+000,1.000000e+000,5,1,1.190186e-002,0,1,0,
1711904529.953,,0.000000e+000,3.000090e+002,-1.229947e-003,0.000000e+000,3.138021e-002,0.000000e+000,3,9.889494e-001,1.825000e+000,,,,,,,,,,,,,,,,,,0,3.000000e+000,1.000000e+000,5,1,0.000000e+000,0,1,0,
1711904543.349,,0.000000e+000,3.000031e+002,-1.230710e-003,0.000000e+000,3.141391e-002,0.000000e+000,3,9.889911e-001,1.825000e+000,,,,,,,,,,,,,,,,,,0,3.000000e+000,1.000000e+000,5,1,1.190186e-002,0,1,0,
1711904557.261,,0.000000e+000,2.999912e+002,-1.231356e-003,0.000000e+000,3.134684e-002,0.000000e+000,3,9.890929e-001,1.825000e+000,,,,,,,,,,,,,,,,,,0,3.000000e+000,1.000000e+000,5,1,1.181030e-002,0,1,0,
1711904574.157,,0.000000e+000,2.999971e+002,-1.232181e-003,0.000000e+000,3.142012e-002,0.000000e+000,3,9.891028e-001,1.825000e+000,,,,,,,,,,,,,,,,,,0,3.000000e+000,1.000000e+000,5,1,2.371216e-002,0,1,0,
1711904954.444,,0.000000e+000,3.000031e+002,-9.571031e-004,0.000000e+000,3.232015e-002,0.000000e+000,3,9.886548e-001,1.825000e+000,,,,,,,,,,,,,,,,,,0,3.000000e+000,1.000000e+000,5,1,1.190186e-002,0,1,0,
1711904968.502,,0.000000e+000,2.999971e+002,-9.580434e-004,0.000000e+000,3.228835e-002,0.000000e+000,3,9.887091e-001,1.825000e+000,,,,,,,,,,,,,,,,,,0,3.000000e+000,1.000000e+000,5,1,0.000000e+000,0,1,0,
1711904982.388,,0.000000e+000,3.000031e+002,-9.588097e-004,0.000000e+000,3.242022e-002,0.000000e+000,3,9.888895e-001,1.825000e+000,,,,,,,,,,,,,,,,,,0,3.000000e+000,1.000000e+000,5,1,1.190186e-002,0,1,0,
1711904994.529,,0.000000e+000,2.999912e+002,-9.595194e-004,0.000000e+000,3.241505e-002,0.000000e+000,3,9.888509e-001,1.825000e+000,,,,,,,,,,,,,,,,,,0,3.000000e+000,1.000000e+000,5,1,1.181030e-002,0,1,0,
1711905009.175,,0.000000e+000,2.999971e+002,-9.602954e-004,0.000000e+000,3.246497e-002,0.000000e+000,3,9.889545e-001,1.825000e+000,,,,,,,,,,,,,,,,,,0,3.000000e+000,1.000000e+000,5,1,2.371216e-002,0,1,0,
1711905406.541,,0.000000e+000,2.999971e+002,-6.088106e-004,0.000000e+000,3.453670e-002,0.000000e+000,3,9.883636e-001,1.825000e+000,,,,,,,,,,,,,,,,,,0,3.000000e+000,1.000000e+000,5,1,0.000000e+000,0,1,0,
1711905418.399,,0.000000e+000,3.000031e+002,-6.096219e-004,0.000000e+000,3.456307e-002,0.000000e+000,3,9.883850e-001,1.825000e+000,,,,,,,,,,,,,,,,,,0,3.000000e+000,1.000000e+000,5,1,1.190186e-002,0,1,0,
1711905433.049,,0.000000e+000,2.999971e+002,-6.106166e-004,0.000000e+000,3.442623e-002,0.000000e+000,3,9.882749e-001,1.825000e+000,,,,,,,,,,,,,,,,,,0,3.000000e+000,1.000000e+000,5,1,0.000000e+000,0,1,0,
1711905445.945,,0.000000e+000,2.999971e+002,-6.114335e-004,0.000000e+000,3.443295e-002,0.000000e+000,3,9.882818e-001,1.825000e+000,,,,,,,,,,,,,,,,,,0,3.000000e+000,1.000000e+000,5,1,0.000000e+000,0,1,0,
1711905459.836,,0.000000e+000,2.999971e+002,-6.122408e-004,0.000000e+000,3.453242e-002,0.000000e+000,3,9.883249e-001,1.825000e+000,,,,,,,,,,,,,,,,,,0,3.000000e+000,1.000000e+000,5,1,0.000000e+000,0,1,0,
1711905860.615,,0.000000e+000,2.999971e+002,-2.129256e-004,0.000000e+000,4.440364e-002,0.000000e+000,3,9.857080e-001,1.825000e+000,,,,,,,,,,,,,,,,,,0,3.000000e+000,1.000000e+000,5,1,2.371216e-002,0,0,0,
1711905875.472,,0.000000e+000,2.999971e+002,-2.139941e-004,0.000000e+000,4.425015e-002,0.000000e+000,3,9.858209e-001,1.825000e+000,,,,,,,,,,,,,,,,,,0,3.000000e+000,1.000000e+000,5,1,0.000000e+000,0,0,0,
1711905889.777,,0.000000e+000,2.999912e+002,-2.150104e-004,0.000000e+000,4.404176e-002,0.000000e+000,3,9.858393e-001,1.825000e+000,,,,,,,,,,,,,,,,,,0,3.000000e+000,1.000000e+000,5,1,1.181030e-002,0,0,0,
1711905903.629,,0.000000e+000,3.000090e+002,-2.159616e-004,0.000000e+000,4.400865e-002,0.000000e+000,3,9.856521e-001,1.825000e+000,,,,,,,,,,,,,,,,,,0,3.000000e+000,1.000000e+000,5,1,2.371216e-002,0,0,0,
1711905917.022,,0.000000e+000,2.999971e+002,-2.167247e-004,0.000000e+000,4.398117e-002,0.000000e+000,3,9.858962e-001,1.825000e+000,,,,,,,,,,,,,,,,,,0,3.000000e+000,1.000000e+000,5,1,0.000000e+000,0,0,0,
1711906310.476,,0.000000e+000,2.999971e+002,1.791925e-004,0.000000e+000,1.253702e-002,0.000000e+000,3,9.932969e-001,1.825000e+000,,,,,,,,,,,,,,,,,,0,3.000000e+000,1.000000e+000,5,1,2.371216e-002,0,1,0,
1711906326.368,,0.000000e+000,2.999971e+002,1.780065e-004,0.000000e+000,1.247751e-002,0.000000e+000,3,9.933866e-001,1.825000e+000,,,,,,,,,,,,,,,,,,0,3.000000e+000,1.000000e+000,5,1,0.000000e+000,0,1,0,
1711906342.541,,0.000000e+000,3.000031e+002,1.768588e-004,0.000000e+000,1.249287e-002,0.000000e+000,3,9.934586e-001,1.825000e+000,,,,,,,,,,,,,,,,,,0,3.000000e+000,1.000000e+000,5,1,1.190186e-002,0,1,0,
1711906356.862,,0.000000e+000,3.000031e+002,1.759661e-004,0.000000e+000,1.224801e-002,0.000000e+000,3,9.933929e-001,1.825000e+000,,,,,,,,,,,,,,,,,,0,3.000000e+000,1.000000e+000,5,1,1.190186e-002,0,1,0,
1711906371.219,,0.000000e+000,3.000090e+002,1.750611e-004,0.000000e+000,1.232115e-002,0.000000e+000,3,9.935535e-001,1.825000e+000,,,,,,,,,,,,,,,,,,0,3.000000e+000,1.000000e+000,5,1,0.000000e+000,0,1,0,
1711906786.934,,0.000000e+000,2.999971e+002,5.441238e-004,0.000000e+000,2.460858e-002,0.000000e+000,3,9.909104e-001,1.825000e+000,,,,,,,,,,,,,,,,,,0,3.000000e+000,1.000000e+000,5,1,0.000000e+000,0,1,0,
1711906801.074,,0.000000e+000,2.999971e+002,5.431217e-004,0.000000e+000,2.453599e-002,0.000000e+000,3,9.907990e-001,1.825000e+000,,,,,,,,,,,,,,,,,,0,3.000000e+000,1.000000e+000,5,1,0.000000e+000,0,1,0,
1711906814.716,,0.000000e+000,3.000031e+002,5.337598e-004,0.000000e+000,2.593980e-002,0.000000e+000,3,9.707588e-001,1.825000e+000,,,,,,,,,,,,,,,,,,0,3.000000e+000,1.000000e+000,5,1,1.190186e-002,0,1,0,
1711906830.654,,0.000000e+000,2.999912e+002,5.411856e-004,0.000000e+000,2.453068e-002,0.000000e+000,3,9.908085e-001,1.825000e+000,,,,,,,,,,,,,,,,,,0,3.000000e+000,1.000000e+000,5,1,1.181030e-002,0,1,0,
1711906843.547,,0.000000e+000,3.000031e+002,5.404661e-004,0.000000e+000,2.443837e-002,0.000000e+000,3,9.906825e-001,1.825000e+000,,,,,,,,,,,,,,,,,,0,3.000000e+000,1.000000e+000,5,1,1.190186e-002,0,1,0,
1711907243.596,,0.000000e+000,2.999971e+002,8.755346e-004,0.000000e+000,2.676206e-002,0.000000e+000,3,9.902921e-001,1.825000e+000,,,,,,,,,,,,,,,,,,0,3.000000e+000,1.000000e+000,5,1,2.371216e-002,0,1,0,
1711907258.243,,0.000000e+000,3.000031e+002,8.743980e-004,0.000000e+000,2.686871e-002,0.000000e+000,3,9.902567e-001,1.825000e+000,,,,,,,,,,,,,,,,,,0,3.000000e+000,1.000000e+000,5,1,1.190186e-002,0,1,0,
1711907271.692,,0.000000e+000,2.999971e+002,8.732467e-004,0.000000e+000,2.693236e-002,0.000000e+000,3,9.904283e-001,1.825000e+000,,,,,,,,,,,,,,,,,,0,3.000000e+000,1.000000e+000,5,1,0.000000e+000,0,1,0,
1711907285.339,,0.000000e+000,3.000031e+002,8.724606e-004,0.000000e+000,2.688406e-002,0.000000e+000,3,9.902698e-001,1.825000e+000,,,,,,,,,,,,,,,,,,0,3.000000e+000,1.000000e+000,5,1,1.190186e-002,0,1,0,
1711907299.008,,0.000000e+000,2.999971e+002,8.715232e-004,0.000000e+000,2.678989e-002,0.000000e+000,3,9.902623e-001,1.825000e+000,,,,,,,,,,,,,,,,,,0,3.000000e+000,1.000000e+000,5,1,2.371216e-002,0,1,0,
1711907726.873,,0.000000e+000,3.000031e+002,1.094101e-003,0.000000e+000,2.743460e-002,0.000000e+000,3,9.899969e-001,1.825000e+000,,,,,,,,,,,,,,,,,,0,3.000000e+000,1.000000e+000,5,1,1.190186e-002,0,1,0,
1711907741.053,,0.000000e+000,2.999971e+002,1.093023e-003,0.000000e+000,2.760687e-002,0.000000e+000,3,9.900777e-001,1.825000e+000,,,,,,,,,,,,,,,,,,0,3.000000e+000,1.000000e+000,5,1,0.000000e+000,0,1,0,
1711907753.695,,0.000000e+000,2.999971e+002,1.092482e-003,0.000000e+000,2.752726e-002,0.000000e+000,3,9.898705e-001,1.825000e+000,,,,,,,,,,,,,,,,,,0,3.000000e+000,1.000000e+000,5,1,0.000000e+000,0,1,0,
1711907766.639,,0.000000e+000,3.000149e+002,1.091563e-003,0.000000e+000,2.749715e-002,0.000000e+000,3,9.900629e-001,1.825000e+000,,,,,,,,,,,,,,,,,,0,3.000000e+000,1.000000e+000,5,1,1.181030e-002,0,1,0,
1711907779.033,,0.000000e+000,2.999912e+002,1.090913e-003,0.000000e+000,2.750225e-002,0.000000e+000,3,9.899138e-001,1.825000e+000,,,,,,,,,,,,,,,,,,0,3.000000e+000,1.000000e+000,5,1,1.181030e-002,0,1,0,
1711908169.608,,0.000000e+000,2.999912e+002,1.299341e-003,0.000000e+000,2.791111e-002,0.000000e+000,3,9.897949e-001,1.825000e+000,,,,,,,,,,,,,,,,,,0,3.000000e+000,1.000000e+000,5,1,1.181030e-002,0,0,0,
1711908183.504,,0.000000e+000,3.000031e+002,1.298195e-003,0.000000e+000,2.789737e-002,0.000000e+000,3,9.898553e-001,1.825000e+000,,,,,,,,,,,,,,,,,,0,3.000000e+000,1.000000e+000,5,1,1.190186e-002,0,0,0,
1711908196.670,,0.000000e+000,3.000031e+002,1.297211e-003,0.000000e+000,2.784460e-002,0.000000e+000,3,9.899207e-001,1.825000e+000,,,,,,,,,,,,,,,,,,0,3.000000e+000,1.000000e+000,5,1,1.190186e-002,0,0,0,
1711908213.069,,0.000000e+000,2.999912e+002,1.296139e-003,0.000000e+000,2.787377e-002,0.000000e+000,3,9.898075e-001,1.825000e+000,,,,,,,,,,,,,,,,,,0,3.000000e+000,1.000000e+000,5,1,1.181030e-002,0,0,0,
1711908226.967,,0.000000e+000,2.999912e+002,1.295054e-003,0.000000e+000,2.786395e-002,0.000000e+000,3,9.898923e-001,1.825000e+000,,,,,,,,,,,,,,,,,,0,3.000000e+000,1.000000e+000,5,1,1.181030e-002,0,0,0,
1711908626.785,,0.000000e+000,2.999971e+002,1.459793e-003,0.000000e+000,2.802848e-002,0.000000e+000,3,9.898008e-001,1.825000e+000,,,,,,,,,,,,,,,,,,0,3.000000e+000,1.000000e+000,5,1,0.000000e+000,0,1,0,
1711908639.180,,0.000000e+000,2.999971e+002,1.458792e-003,0.000000e+000,2.805260e-002,0.000000e+000,3,9.898047e-001,1.825000e+000,,,,,,,,,,,,,,,,,,0,3.000000e+000,1.000000e+000,5,1,0.000000e+000,0,1,0,
1711908652.321,,0.000000e+000,3.000031e+002,1.458003e-003,0.000000e+000,2.800779e-002,0.000000e+000,3,9.896554e-001,1.825000e+000,,,,,,,,,,,,,,,,,,0,3.000000e+000,1.000000e+000,5,1,1.190186e-002,0,1,0,
1711908666.890,,0.000000e+000,3.000031e+002,1.456718e-003,0.000000e+000,2.803922e-002,0.000000e+000,3,9.897751e-001,1.825000e+000,,,,,,,,,,,,,,,,,,0,3.000000e+000,1.000000e+000,5,1,1.190186e-002,0,1,0,
1711908681.251,,0.000000e+000,3.000031e+002,1.455598e-003,0.000000e+000,2.793312e-002,0.000000e+000,3,9.898332e-001,1.825000e+000,,,,,,,,,,,,,,,,,,0,3.000000e+000,1.000000e+000,5,1,1.190186e-002,0,1,0,
1711909090.654,,0.000000e+000,3.000090e+002,1.587403e-003,0.000000e+000,2.791551e-002,0.000000e+000,3,9.896472e-001,1.825000e+000,,,,,,,,,,,,,,,,,,0,3.000000e+000,1.000000e+000,5,1,0.000000e+000,0,1,0,
1711909104.047,,0.000000e+000,2.999971e+002,1.586392e-003,0.000000e+000,2.797304e-002,0.000000e+000,3,9.896216e-001,1.825000e+000,,,,,,,,,,,,,,,,,,0,3.000000e+000,1.000000e+000,5,1,2.371216e-002,0,1,0,
1711909118.691,,0.000000e+000,3.000031e+002,1.585283e-003,0.000000e+000,2.807711e-002,0.000000e+000,3,9.896815e-001,1.825000e+000,,,,,,,,,,,,,,,,,,0,3.000000e+000,1.000000e+000,5,1,1.190186e-002,0,1,0,
1711909135.336,,0.000000e+000,2.999971e+002,1.583783e-003,0.000000e+000,2.815758e-002,0.000000e+000,3,9.897879e-001,1.825000e+000,,,,,,,,,,,,,,,,,,0,3.000000e+000,1.000000e+000,5,1,0.000000e+000,0,1,0,
1711909149.486,,0.000000e+000,2.999971e+002,1.583072e-003,0.000000e+000,2.803078e-002,0.000000e+000,3,9.896626e-001,1.825000e+000,,,,,,,,,,,,,,,,,,0,3.000000e+000,1.000000e+000,5,1,0.000000e+000,0,1,0,
1711909575.967,,0.000000e+000,2.999971e+002,1.691846e-003,0.000000e+000,2.782863e-002,0.000000e+000,3,9.894892e-001,1.825000e+000,,,,,,,,,,,,,,,,,,0,3.000000e+000,1.000000e+000,5,1,0.000000e+000,0,1,0,
1711909589.361,,0.000000e+000,2.999971e+002,1.690698e-003,0.000000e+000,2.793251e-002,0.000000e+000,3,9.895930e-001,1.825000e+000,,,,,,,,,,,,,,,,,,0,3.000000e+000,1.000000e+000,5,1,0.000000e+000,0,1,0,
1711909603.507,,0.000000e+000,2.999971e+002,1.689592e-003,0.000000e+000,2.800571e-002,0.000000e+000,3,9.897071e-001,1.825000e+000,,,,,,,,,,,,,,,,,,0,3.000000e+000,1.000000e+000,5,1,0.000000e+000,0,1,0,
1711909616.153,,0.000000e+000,3.000031e+002,1.688919e-003,0.000000e+000,2.778687e-002,0.000000e+000,3,9.895062e-001,1.825000e+000,,,,,,,,,,,,,,,,,,0,3.000000e+000,1.000000e+000,5,1,1.190186e-002,0,1,0,
1711909628.039,,0.000000e+000,3.000031e+002,1.687894e-003,0.000000e+000,2.797838e-002,0.000000e+000,3,9.896725e-001,1.825000e+000,,,,,,,,,,,,,,,,,,0,3.000000e+000,1.000000e+000,5,1,1.190186e-002,0,1,0,
1711910110.620,,0.000000e+000,3.000031e+002,1.778224e-003,0.000000e+000,2.784640e-002,0.000000e+000,3,9.895365e-001,1.825000e+000,,,,,,,,,,,,,,,,,,0,3.000000e+000,1.000000e+000,5,1,1.190186e-002,0,1,0,
1711910122.783,,0.000000e+000,3.000031e+002,1.777358e-003,0.000000e+000,2.771357e-002,0.000000e+000,3,9.894024e-001,1.825000e+000,,,,,,,,,,,,,,,,,,0,3.000000e+000,1.000000e+000,5,1,3.552246e-002,0,1,0,
1711910137.606,,0.000000e+000,2.999912e+002,1.776572e-003,0.000000e+000,2.779130e-002,0.000000e+000,3,9.894184e-001,1.825000e+000,,,,,,,,,,,,,,,,,,0,3.000000e+000,1.000000e+000,5,1,1.181030e-002,0,1,0,
1711910149.511,,0.000000e+000,2.999852e+002,1.775355e-003,0.000000e+000,2.777837e-002,0.000000e+000,3,9.896784e-001,1.825000e+000,,,,,,,,,,,,,,,,,,0,3.000000e+000,1.000000e+000,5,1,2.371216e-002,0,1,0,
1711910164.658,,0.000000e+000,3.000090e+002,1.774459e-003,0.000000e+000,2.768553e-002,0.000000e+000,3,9.896407e-001,1.825000e+000,,,,,,,,,,,,,,,,,,0,3.000000e+000,1.000000e+000,5,1,2.371216e-002,0,1,0,
1711910660.095,,0.000000e+000,2.999971e+002,1.855016e-003,0.000000e+000,2.752110e-002,0.000000e+000,3,9.894847e-001,1.825000e+000,,,,,,,,,,,,,,,,,,0,3.000000e+000,1.000000e+000,5,1,0.000000e+000,0,0,0,
1711910674.243,,0.000000e+000,3.000031e+002,1.853857e-003,0.000000e+000,2.762804e-002,0.000000e+000,3,9.895980e-001,1.825000e+000,,,,,,,,,,,,,,,,,,0,3.000000e+000,1.000000e+000,5,1,1.190186e-002,0,0,0,
1711910688.317,,0.000000e+000,2.999912e+002,1.853122e-003,0.000000e+000,2.754185e-002,0.000000e+000,3,9.895030e-001,1.825000e+000,,,,,,,,,,,,,,,,,,0,3.000000e+000,1.000000e+000,5,1,1.181030e-002,0,0,0,
1711910701.424,,0.000000e+000,2.999912e+002,1.852557e-003,0.000000e+000,2.738942e-002,0.000000e+000,3,9.893683e-001,1.825000e+000,,,,,,,,,,,,,,,,,,0,3.000000e+000,1.000000e+000,5,1,1.181030e-002,0,0,0,
1711910715.099,,0.000000e+000,2.999912e+002,1.851747e-003,0.000000e+000,2.748602e-002,0.000000e+000,3,9.894699e-001,1.825000e+000,,,,,,,,,,,,,,,,,,0,3.000000e+000,1.000000e+000,5,1,1.181030e-002,0,0,0,
1711911216.033,,0.000000e+000,2.999971e+002,1.922714e-003,0.000000e+000,2.725063e-002,0.000000e+000,3,9.894276e-001,1.825000e+000,,,,,,,,,,,,,,,,,,0,3.000000e+000,1.000000e+000,5,1,2.371216e-002,0,1,0,
1711911228.950,,0.000000e+000,3.000031e+002,1.921789e-003,0.000000e+000,2.725297e-002,0.000000e+000,3,9.894989e-001,1.825000e+000,,,,,,,,,,,,,,,,,,0,3.000000e+000,1.000000e+000,5,1,1.190186e-002,0,1,0,
1711911243.282,,0.000000e+000,2.999971e+002,1.921121e-003,0.000000e+000,2.726762e-002,0.000000e+000,3,9.892910e-001,1.825000e+000,,,,,,,,,,,,,,,,,,0,3.000000e+000,1.000000e+000,5,1,0.000000e+000,0,1,0,
1711911256.436,,0.000000e+000,3.000031e+002,1.920136e-003,0.000000e+000,2.712726e-002,0.000000e+000,3,9.893246e-001,1.825000e+000,,,,,,,,,,,,,,,,,,0,3.000000e+000,1.000000e+000,5,1,1.190186e-002,0,1,0,
1711911269.828,,0.000000e+000,3.000031e+002,1.919303e-003,0.000000e+000,2.732662e-002,0.000000e+000,3,9.894274e-001,1.825000e+000,,,,,,,,,,,,,,,,,,0,3.000000e+000,1.000000e+000,5,1,1.190186e-002,0,1,0,
1711911798.793,,0.000000e+000,3.000090e+002,1.985650e-003,0.000000e+000,2.709340e-002,0.000000e+000,3,9.895002e-001,1.825000e+000,,,,,,,,,,,,,,,,,,0,3.000000e+000,1.000000e+000,5,1,2.371216e-002,0,1,0,
1711911814.713,,0.000000e+000,3.000090e+002,1.984756e-003,0.000000e+000,2.713337e-002,0.000000e+000,3,9.894750e-001,1.825000e+000,,,,,,,,,,,,,,,,,,0,3.000000e+000,1.000000e+000,5,1,0.000000e+000,0,1,0,
1711911828.856,,0.000000e+000,2.999853e+002,1.984101e-003,0.000000e+000,2.691805e-002,0.000000e+000,3,9.892941e-001,1.825000e+000,,,,,,,,,,,,,,,,,,0,3.000000e+000,1.000000e+000,5,1,0.000000e+000,0,1,0,
1711911843.753,,0.000000e+000,2.999971e+002,1.983118e-003,0.000000e+000,2.710599e-002,0.000000e+000,3,9.894062e-001,1.825000e+000,,,,,,,,,,,,,,,,,,0,3.000000e+000,1.000000e+000,5,1,2.371216e-002,0,1,0,
1711911857.148,,0.000000e+000,3.000031e+002,1.982313e-003,0.000000e+000,2.706748e-002,0.000000e+000,3,9.893829e-001,1.825000e+000,,,,,,,,,,,,,,,,,,0,3.000000e+000,1.000000e+000,5,1,3.552246e-002,0,1,0,
1711912401.613,,0.000000e+000,3.000031e+002,2.045517e-003,0.000000e+000,2.678738e-002,0.000000e+000,3,9.892156e-001,1.825000e+000,,,,,,,,,,,,,,,,,,0,3.000000e+000,1.000000e+000,5,1,1.190186e-002,0,0,0,
1711912416.756,,0.000000e+000,2.999971e+002,2.044335e-003,0.000000e+000,2.673846e-002,0.000000e+000,3,9.892532e-001,1.825000e+000,,,,,,,,,,,,,,,,,,0,3.000000e+000,1.000000e+000,5,1,0.000000e+000,0,0,0,
1711912430.080,,0.000000e+000,2.999971e+002,2.043573e-003,0.000000e+000,2.669284e-002,0.000000e+000,3,9.891919e-001,1.825000e+000,,,,,,,,,,,,,,,,,,0,3.000000e+000,1.000000e+000,5,1,0.000000e+000,0,0,0,
1711912443.975,,0.000000e+000,2.999912e+002,2.042571e-003,0.000000e+000,2.662640e-002,0.000000e+000,3,9.892355e-001,1.825000e+000,,,,,,,,,,,,,,,,,,0,3.000000e+000,1.000000e+000,5,1,1.181030e-002,0,0,0,
1711912458.178,,0.000000e+000,3.000031e+002,2.041408e-003,0.000000e+000,2.683887e-002,0.000000e+000,3,9.894286e-001,1.825000e+000,,,,,,,,,,,,,,,,,,0,3.000000e+000,1.000000e+000,5,1,3.552246e-002,0,0,0,
1711913036.699,,0.000000e+000,2.999971e+002,2.101510e-003,0.000000e+000,2.649352e-002,0.000000e+000,3,9.893167e-001,1.825000e+000,,,,,,,,,,,,,,,,,,0,3.000000e+000,1.000000e+000,5,1,0.000000e+000,0,1,0,
1711913050.853,,0.000000e+000,2.999971e+002,2.100848e-003,0.000000e+000,2.638107e-002,0.000000e+000,3,9.891917e-001,1.825000e+000,,,,,,,,,,,,,,,,,,0,3.000000e+000,1.000000e+000,5,1,0.000000e+000,0,1,0,
1711913063.678,,0.000000e+000,3.000149e+002,2.099658e-003,0.000000e+000,2.663420e-002,0.000000e+000,3,9.894069e-001,1.825000e+000,,,,,,,,,,,,,,,,,,0,3.000000e+000,1.000000e+000,5,1,1.181030e-002,0,1,0,
1711913076.201,,0.000000e+000,3.000031e+002,2.099156e-003,0.000000e+000,2.640461e-002,0.000000e+000,3,9.892405e-001,1.825000e+000,,,,,,,,,,,,,,,,,,0,3.000000e+000,1.000000e+000,5,1,1.190186e-002,0,1,0,
1711913091.732,,0.000000e+000,3.000031e+002,2.098298e-003,0.000000e+000,2.639557e-002,0.000000e+000,3,9.892027e-001,1.825000e+000,,,,,,,,,,,,,,,,,,0,3.000000e+000,1.000000e+000,5,1,1.190186e-002,0,1,0,
1711913700.989,,0.000000e+000,2.999912e+002,2.154150e-003,0.000000e+000,2.643907e-002,0.000000e+000,3,9.892409e-001,1.825000e+000,,,,,,,,,,,,,,,,,,0,3.000000e+000,1.000000e+000,5,1,1.181030e-002,0,1,0,
1711913713.441,,0.000000e+000,2.999912e+002,2.153206e-003,0.000000e+000,2.643668e-002,0.000000e+000,3,9.892743e-001,1.825000e+000,,,,,,,,,,,,,,,,,,0,3.000000e+000,1.000000e+000,5,1,1.181030e-002,0,1,0,
1711913727.833,,0.000000e+000,2.999912e+002,2.152484e-003,0.000000e+000,2.644807e-002,0.000000e+000,3,9.892154e-001,1.825000e+000,,,,,,,,,,,,,,,,,,0,3.000000e+000,1.000000e+000,5,1,1.181030e-002,0,1,0,
1711913744.250,,0.000000e+000,2.999971e+002,2.151068e-003,0.000000e+000,2.642503e-002,0.000000e+000,3,9.892966e-001,1.825000e+000,,,,,,,,,,,,,,,,,,0,3.000000e+000,1.000000e+000,5,1,0.000000e+000,0,1,0,
1711913759.561,,0.000000e+000,3.000031e+002,2.150273e-003,0.000000e+000,2.639948e-002,0.000000e+000,3,9.892113e-001,1.825000e+000,,,,,,,,,,,,,,,,,,0,3.000000e+000,1.000000e+000,5,1,1.190186e-002,0,1,0,
1711914406.918,,0.000000e+000,3.000090e+002,2.203831e-003,0.000000e+000,2.628357e-002,0.000000e+000,3,9.892602e-001,1.825000e+000,,,,,,,,,,,,,,,,,,0,3.000000e+000,1.000000e+000,5,1,0.000000e+000,0,0,0,
1711914420.063,,0.000000e+000,3.000031e+002,2.203029e-003,0.000000e+000,2.626889e-002,0.000000e+000,3,9.891782e-001,1.825000e+000,,,,,,,,,,,,,,,,,,0,3.000000e+000,1.000000e+000,5,1,1.190186e-002,0,0,0,
1711914433.457,,0.000000e+000,2.999971e+002,2.202171e-003,0.000000e+000,2.624077e-002,0.000000e+000,3,9.891823e-001,1.825000e+000,,,,,,,,,,,,,,,,,,0,3.000000e+000,1.000000e+000,5,1,2.371216e-002,0,0,0,
1711914446.638,,0.000000e+000,2.999853e+002,2.201528e-003,0.000000e+000,2.629589e-002,0.000000e+000,3,9.891825e-001,1.825000e+000,,,,,,,,,,,,,,,,,,0,3.000000e+000,1.000000e+000,5,1,0.000000e+000,0,0,0,
1711914459.529,,0.000000e+000,2.999793e+002,2.200626e-003,0.000000e+000,2.627031e-002,0.000000e+000,3,9.892192e-001,1.825000e+000,,,,,,,,,,,,,,,,,,0,3.000000e+000,1.000000e+000,5,1,1.190186e-002,0,0,0,
1711915149.901,,0.000000e+000,2.999971e+002,2.248724e-003,0.000000e+000,2.599694e-002,0.000000e+000,3,9.893025e-001,1.825000e+000,,,,,,,,,,,,,,,,,,0,3.000000e+000,1.000000e+000,5,1,0.000000e+000,0,1,0,
1711915165.285,,0.000000e+000,2.999912e+002,2.248127e-003,0.000000e+000,2.607052e-002,0.000000e+000,3,9.891434e-001,1.825000e+000,,,,,,,,,,,,,,,,,,0,3.000000e+000,1.000000e+000,5,1,1.181030e-002,0,1,0,
1711915179.974,,0.000000e+000,2.999971e+002,2.246880e-003,0.000000e+000,2.597418e-002,0.000000e+000,3,9.892418e-001,1.825000e+000,,,,,,,,,,,,,,,,,,0,3.000000e+000,1.000000e+000,5,1,0.000000e+000,0,1,0,
1711915192.788,,0.000000e+000,2.999971e+002,2.246210e-003,0.000000e+000,2.590310e-002,0.000000e+000,3,9.892361e-001,1.825000e+000,,,,,,,,,,,,,,,,,,0,3.000000e+000,1.000000e+000,5,1,0.000000e+000,0,1,0,
1711915207.078,,0.000000e+000,3.000031e+002,2.245280e-003,0.000000e+000,2.608689e-002,0.000000e+000,3,9.891827e-001,1.825000e+000,,,,,,,,,,,,,,,,,,0,3.000000e+000,1.000000e+000,5,1,1.190186e-002,0,1,0,
