[Header]
TITLE,MPMS RSO Measurement
BYAPP,MPMS Measurement,1.1,Summary
FILEOPENTIME, 1711628997.702000 3/28/2024, 9:29:57 PM

INFO, APPNAME, MPMS MultiVu Application, Revision 1.60,  Build 081

INFO, NAME, PO-conc. #2
INFO, WEIGHT, 0.180
INFO, AREA, 0.000
INFO, LENGTH, 0.000
INFO, SHAPE, 0
INFO, COMMENT, 
INFO, SEQUENCE FILE: IRM_acq_sub1.seq


INFO, BACKGROUND DATA FILE:, None


STARTUPAXIS,X,4,LINEAR,AUTO,0.000000,0.000000
STARTUPAXIS,Y1,5,LINEAR,AUTO,0.000000,0.000000


STARTUPGROUP,Longitudinal
FIELDGROUP,Longitudinal,1,2,3,4,5,6,7,8,9,10,11,19,20,21,22,23,35
FIELDGROUP,Transverse,1,2,3,4,12,13,14,15,16,17,18,24,25,26,27,28,35

PLOT_APPEARANCE,ALL,HORZ_GRID_ON,VERT_GRID_ON,MARKERS_AND_LINES

[Data]
Time,Comment,Field (Oe),Temperature (K),Long Moment (emu),Long Scan Std Dev,Long Offset (cm),Long Offset Std Dev,Long Algorithm,Long Reg Fit,Long Reg Factor,Trans Moment (emu),Trans Scan Std Dev,Trans Offset (cm),Trans Offset Std Dev,Trans Algorithm,Trans Reg Fit,Trans Reg Factor,Long Moment [w/o ABS] (emu),Long Scan Std Dev [w/o ABS],Long Offset [w/o ABS] (cm),Long Offset Std Dev [w/o ABS],Long Reg Fit [w/o ABS],Trans Moment [w/o ABS] (emu),Trans Scan Std Dev [w/o ABS],Trans Offset [w/o ABS] (cm),Trans Offset Std Dev [w/o ABS],Trans Reg Fit [w/o ABS],RSO Position (deg),Amplitude (cm),Frequency,Cycles to Average,Scans per Measurement,Delta Temp (K),Error,EC Comp. Running,Using ABS,
1711628997.701,,0.000000e+000,3.000208e+002,-5.964155e-003,0.000000e+000,8.159685e-002,0.000000e+000,3,9.879221e-001,1.825000e+000,,,,,,,,,,,,,,,,,,0,3.000000e+000,1.000000e+000,5,1,0.000000e+000,0,1,0,
1711629010.590,,0.000000e+000,3.000149e+002,-5.959336e-003,0.000000e+000,8.147270e-002,0.000000e+000,3,9.878335e-001,1.825000e+000,,,,,,,,,,,,,,,,,,0,3.000000e+000,1.000000e+000,5,1,1.181030e-002,0,1,0,
1711629023.735,,0.000000e+000,3.000149e+002,-5.955248e-003,0.000000e+000,8.161783e-002,0.000000e+000,3,9.879263e-001,1.825000e+000,,,,,,,,,,,,,,,,,,0,3.000000e+000,1.000000e+000,5,1,1.181030e-002,0,1,0,
1711629039.134,,0.000000e+000,3.000149e+002,-5.950811e-003,0.000000e+000,8.160149e-002,0.000000e+000,3,9.879359e-001,1.825000e+000,,,,,,,,,,,,,,,,,,0,3.000000e+000,1.000000e+000,5,1,1.181030e-002,0,1,0,
1711629053.530,,0.000000e+000,3.000208e+002,-5.948388e-003,0.000000e+000,8.157721e-002,0.000000e+000,3,9.878597e-001,1.825000e+000,,,,,,,,,,,,,,,,,,0,3.000000e+000,1.000000e+000,5,1,0.000000e+000,0,1,0,
1711629392.520,,0.000000e+000,3.000149e+002,-5.881576e-003,0.000000e+000,8.221016e-002,0.000000e+000,3,9.879168e-001,1.825000e+000,,,,,,,,,,,,,,,,,,0,3.000000e+000,1.000000e+000,5,1,1.181030e-002,0,1,0,
1711629406.663,,0.000000e+000,3.000031e+002,-5.880569e-003,0.000000e+000,8.206816e-002,0.000000e+000,3,9.877501e-001,1.825000e+000,,,,,,,,,,,,,,,,,,0,3.000000e+000,1.000000e+000,5,1,1.190186e-002,0,1,0,
1711629421.723,,0.000000e+000,3.000031e+002,-5.877405e-003,0.000000e+000,8.221472e-002,0.000000e+000,3,9.878681e-001,1.825000e+000,,,,,,,,,,,,,,,,,,0,3.000000e+000,1.000000e+000,5,1,1.190186e-002,0,1,0,
1711629434.888,,0.000000e+000,2.999971e+002,-5.876191e-003,0.000000e+000,8.210567e-002,0.000000e+000,3,9.878281e-001,1.825000e+000,,,,,,,,,,,,,,,,,,0,3.000000e+000,1.000000e+000,5,1,0.000000e+000,0,1,0,
1711629447.318,,0.000000e+000,3.000148e+002,-5.874868e-003,0.000000e+000,8.239388e-002,0.000000e+000,3,9.878808e-001,1.825000e+000,,,,,,,,,,,,,,,,,,0,3.000000e+000,1.000000e+000,5,1,3.549194e-002,0,1,0,
1711629775.290,,0.000000e+000,3.000090e+002,-5.841029e-003,0.000000e+000,8.275917e-002,0.000000e+000,3,9.878731e-001,1.825000e+000,,,,,,,,,,,,,,,,,,0,3.000000e+000,1.000000e+000,5,1,2.371216e-002,0,1,0,
1711629789.933,,0.000000e+000,3.000090e+002,-5.840004e-003,0.000000e+000,8.262508e-002,0.000000e+000,3,9.878386e-001,1.825000e+000,,,,,,,,,,,,,,,,,,0,3.000000e+000,1.000000e+000,5,1,0.000000e+000,0,1,0,
1711629802.579,,0.000000e+000,2.999912e+002,-5.838626e-003,0.000000e+000,8.276879e-002,0.000000e+000,3,9.879110e-001,1.825000e+000,,,,,,,,,,,,,,,,,,0,3.000000e+000,1.000000e+000,5,1,1.181030e-002,0,1,0,
1711629814.972,,0.000000e+000,2.999971e+002,-5.837610e-003,0.000000e+000,8.268701e-002,0.000000e+000,3,9.878235e-001,1.825000e+000,,,,,,,,,,,,,,,,,,0,3.000000e+000,1.000000e+000,5,1,0.000000e+000,0,1,0,
1711629829.359,,0.000000e+000,3.000031e+002,-5.837841e-003,0.000000e+000,8.259744e-002,0.000000e+000,3,9.877859e-001,1.825000e+000,,,,,,,,,,,,,,,,,,0,3.000000e+000,1.000000e+000,5,1,1.190186e-002,0,1,0,
1711630169.103,,0.000000e+000,2.999912e+002,-5.814798e-003,0.000000e+000,8.287853e-002,0.000000e+000,3,9.877662e-001,1.825000e+000,,,,,,,,,,,,,,,,,,0,3.000000e+000,1.000000e+000,5,1,1.181030e-002,0,0,0,
1711630181.241,,0.000000e+000,3.000031e+002,-5.813234e-003,0.000000e+000,8.269842e-002,0.000000e+000,3,9.876871e-001,1.825000e+000,,,,,,,,,,,,,,,,,,0,3.000000e+000,1.000000e+000,5,1,1.190186e-002,0,0,0,
1711630192.426,,0.000000e+000,3.000031e+002,-5.812694e-003,0.000000e+000,8.294195e-002,0.000000e+000,3,9.878093e-001,1.825000e+000,,,,,,,,,,,,,,,,,,0,3.000000e+000,1.000000e+000,5,1,1.190186e-002,0,0,0,
1711630208.079,,0.000000e+000,2.999912e+002,-5.813166e-003,0.000000e+000,8.260329e-002,0.000000e+000,3,9.876822e-001,1.825000e+000,,,,,,,,,,,,,,,,,,0,3.000000e+000,1.000000e+000,5,1,1.181030e-002,0,0,0,
1711630222.221,,0.000000e+000,2.999971e+002,-5.810771e-003,0.000000e+000,8.275118e-002,0.000000e+000,3,9.878187e-001,1.825000e+000,,,,,,,,,,,,,,,,,,0,3.000000e+000,1.000000e+000,5,1,2.371216e-002,0,0,0,
1711630550.450,,0.000000e+000,2.999971e+002,-5.793795e-003,0.000000e+000,8.285169e-002,0.000000e+000,3,9.877273e-001,1.825000e+000,,,,,,,,,,,,,,,,,,0,3.000000e+000,1.000000e+000,5,1,0.000000e+000,0,1,0,
1711630563.839,,0.000000e+000,2.999971e+002,-5.793132e-003,0.000000e+000,8.296954e-002,0.000000e+000,3,9.878129e-001,1.825000e+000,,,,,,,,,,,,,,,,,,0,3.000000e+000,1.000000e+000,5,1,2.371216e-002,0,1,0,
1711630577.230,,0.000000e+000,3.000090e+002,-5.792575e-003,0.000000e+000,8.271264e-002,0.000000e+000,3,9.877146e-001,1.825000e+000,,,,,,,,,,,,,,,,,,0,3.000000e+000,1.000000e+000,5,1,0.000000e+000,0,1,0,
1711630590.130,,0.000000e+000,2.999971e+002,-5.791156e-003,0.000000e+000,8.290487e-002,0.000000e+000,3,9.877582e-001,1.825000e+000,,,,,,,,,,,,,,,,,,0,3.000000e+000,1.000000e+000,5,1,2.371216e-002,0,1,0,
1711630604.021,,0.000000e+000,3.000031e+002,-5.790934e-003,0.000000e+000,8.309309e-002,0.000000e+000,3,9.877705e-001,1.825000e+000,,,,,,,,,,,,,,,,,,0,3.000000e+000,1.000000e+000,5,1,1.190186e-002,0,1,0,
1711630939.913,,0.000000e+000,3.000149e+002,-5.776186e-003,0.000000e+000,8.321194e-002,0.000000e+000,3,9.877236e-001,1.825000e+000,,,,,,,,,,,,,,,,,,0,3.000000e+000,1.000000e+000,5,1,1.181030e-002,0,1,0,
1711630954.551,,0.000000e+000,3.000090e+002,-5.775510e-003,0.000000e+000,8.313942e-002,0.000000e+000,3,9.877093e-001,1.825000e+000,,,,,,,,,,,,,,,,,,0,3.000000e+000,1.000000e+000,5,1,2.371216e-002,0,1,0,
1711630968.452,,0.000000e+000,2.999971e+002,-5.776583e-003,0.000000e+000,8.305807e-002,0.000000e+000,3,9.876555e-001,1.825000e+000,,,,,,,,,,,,,,,,,,0,3.000000e+000,1.000000e+000,5,1,2.371216e-002,0,1,0,
1711630982.387,,0.000000e+000,2.999971e+002,-5.774405e-003,0.000000e+000,8.329089e-002,0.000000e+000,3,9.877716e-001,1.825000e+000,,,,,,,,,,,,,,,,,,0,3.000000e+000,1.000000e+000,5,1,4.742432e-002,0,1,0,
1711630995.030,,0.000000e+000,3.000208e+002,-5.774434e-003,0.000000e+000,8.324879e-002,0.000000e+000,3,9.877446e-001,1.825000e+000,,,,,,,,,,,,,,,,,,0,3.000000e+000,1.000000e+000,5,1,0.000000e+000,0,1,0,
1711631326.769,,0.000000e+000,2.999971e+002,-5.760971e-003,0.000000e+000,8.340450e-002,0.000000e+000,3,9.877384e-001,1.825000e+000,,,,,,,,,,,,,,,,,,0,3.000000e+000,1.000000e+000,5,1,0.000000e+000,0,1,0,
1711631341.167,,0.000000e+000,3.000090e+002,-5.760827e-003,0.000000e+000,8.343404e-002,0.000000e+000,3,9.877199e-001,1.825000e+000,,,,,,,,,,,,,,,,,,0,3.000000e+000,1.000000e+000,5,1,0.000000e+000,0,1,0,
1711631354.318,,0.000000e+000,2.999971e+002,-5.761484e-003,0.000000e+000,8.334008e-002,0.000000e+000,3,9.876278e-001,1.825000e+000,,,,,,,,,,,,,,,,,,0,3.000000e+000,1.000000e+000,5,1,2.371216e-002,0,1,0,
1711631368.214,,0.000000e+000,2.999912e+002,-5.760765e-003,0.000000e+000,8.346221e-002,0.000000e+000,3,9.877115e-001,1.825000e+000,,,,,,,,,,,,,,,,,,0,3.000000e+000,1.000000e+000,5,1,1.181030e-002,0,1,0,
1711631381.356,,0.000000e+000,2.999853e+002,-5.759813e-003,0.000000e+000,8.348908e-002,0.000000e+000,3,9.877378e-001,1.825000e+000,,,,,,,,,,,,,,,,,,0,3.000000e+000,1.000000e+000,5,1,0.000000e+000,0,1,0,
1711631712.624,,0.000000e+000,2.999853e+002,-5.748586e-003,0.000000e+000,8.384252e-002,0.000000e+000,3,9.877055e-001,1.825000e+000,,,,,,,,,,,,,,,,,,0,3.000000e+000,1.000000e+000,5,1,0.000000e+000,0,1,0,
1711631726.267,,0.000000e+000,3.000031e+002,-5.747824e-003,0.000000e+000,8.378769e-002,0.000000e+000,3,9.876996e-001,1.825000e+000,,,,,,,,,,,,,,,,,,0,3.000000e+000,1.000000e+000,5,1,3.552246e-002,0,1,0,
1711631740.180,,0.000000e+000,2.999853e+002,-5.748158e-003,0.000000e+000,8.369713e-002,0.000000e+000,3,9.877107e-001,1.825000e+000,,,,,,,,,,,,,,,,,,0,3.000000e+000,1.000000e+000,5,1,0.000000e+000,0,1,0,
1711631753.826,,0.000000e+000,2.999912e+002,-5.747264e-003,0.000000e+000,8.364549e-002,0.000000e+000,3,9.877071e-001,1.825000e+000,,,,,,,,,,,,,,,,,,0,3.000000e+000,1.000000e+000,5,1,1.181030e-002,0,1,0,
1711631767.727,,0.000000e+000,2.999971e+002,-5.748394e-003,0.000000e+000,8.353645e-002,0.000000e+000,3,9.875742e-001,1.825000e+000,,,,,,,,,,,,,,,,,,0,3.000000e+000,1.000000e+000,5,1,4.742432e-002,0,1,0,
1711632103.483,,0.000000e+000,3.000090e+002,-5.736587e-003,0.000000e+000,8.399849e-002,0.000000e+000,3,9.877131e-001,1.825000e+000,,,,,,,,,,,,,,,,,,0,3.000000e+000,1.000000e+000,5,1,2.371216e-002,0,1,0,
1711632118.128,,0.000000e+000,3.000031e+002,-5.736751e-003,0.000000e+000,8.384504e-002,0.000000e+000,3,9.877157e-001,1.825000e+000,,,,,,,,,,,,,,,,,,0,3.000000e+000,1.000000e+000,5,1,1.190186e-002,0,1,0,
1711632132.827,,0.000000e+000,2.999971e+002,-5.736997e-003,0.000000e+000,8.378071e-002,0.000000e+000,3,9.875988e-001,1.825000e+000,,,,,,,,,,,,,,,,,,0,3.000000e+000,1.000000e+000,5,1,2.371216e-002,0,1,0,
1711632145.755,,0.000000e+000,3.000031e+002,-5.736001e-003,0.000000e+000,8.387919e-002,0.000000e+000,3,9.877012e-001,1.825000e+000,,,,,,,,,,,,,,,,,,0,3.000000e+000,1.000000e+000,5,1,3.552246e-002,0,1,0,
1711632162.407,,0.000000e+000,2.999971e+002,-5.735382e-003,0.000000e+000,8.386770e-002,0.000000e+000,3,9.876924e-001,1.825000e+000,,,,,,,,,,,,,,,,,,0,3.000000e+000,1.000000e+000,5,1,0.000000e+000,0,1,0,
1711632508.172,,0.000000e+000,3.000031e+002,-5.726971e-003,0.000000e+000,8.413851e-002,0.000000e+000,3,9.876176e-001,1.825000e+000,,,,,,,,,,,,,,,,,,0,3.000000e+000,1.000000e+000,5,1,1.190186e-002,0,1,0,
1711632523.069,,0.000000e+000,3.000090e+002,-5.726199e-003,0.000000e+000,8.403640e-002,0.000000e+000,3,9.876454e-001,1.825000e+000,,,,,,,,,,,,,,,,,,0,3.000000e+000,1.000000e+000,5,1,0.000000e+000,0,1,0,
1711632536.713,,0.000000e+000,3.000031e+002,-5.725863e-003,0.000000e+000,8.405956e-002,0.000000e+000,3,9.875805e-001,1.825000e+000,,,,,,,,,,,,,,,,,,0,3.000000e+000,1.000000e+000,5,1,1.190186e-002,0,1,0,
1711632549.283,,0.000000e+000,2.999971e+002,-5.725636e-003,0.000000e+000,8.414990e-002,0.000000e+000,3,9.876704e-001,1.825000e+000,,,,,,,,,,,,,,,,,,0,3.000000e+000,1.000000e+000,5,1,2.371216e-002,0,1,0,
1711632564.399,,0.000000e+000,3.000031e+002,-5.724993e-003,0.000000e+000,8.411461e-002,0.000000e+000,3,9.876976e-001,1.825000e+000,,,,,,,,,,,,,,,,,,0,3.000000e+000,1.000000e+000,5,1,1.190186e-002,0,1,0,
1711632905.328,,0.000000e+000,3.000031e+002,-5.716944e-003,0.000000e+000,8.430958e-002,0.000000e+000,3,9.875982e-001,1.825000e+000,,,,,,,,,,,,,,,,,,0,3.000000e+000,1.000000e+000,5,1,3.552246e-002,0,1,0,
1711632918.685,,0.000000e+000,2.999852e+002,-5.717812e-003,0.000000e+000,8.440886e-002,0.000000e+000,3,9.876002e-001,1.825000e+000,,,,,,,,,,,,,,,,,,0,3.000000e+000,1.000000e+000,5,1,2.371216e-002,0,1,0,
1711632931.753,,0.000000e+000,2.999912e+002,-5.716629e-003,0.000000e+000,8.426455e-002,0.000000e+000,3,9.876126e-001,1.825000e+000,,,,,,,,,,,,,,,,,,0,3.000000e+000,1.000000e+000,5,1,1.181030e-002,0,1,0,
1711632945.359,,0.000000e+000,3.000031e+002,-5.716629e-003,0.000000e+000,8.412366e-002,0.000000e+000,3,9.875576e-001,1.825000e+000,,,,,,,,,,,,,,,,,,0,3.000000e+000,1.000000e+000,5,1,1.190186e-002,0,1,0,
1711632959.524,,0.000000e+000,2.999971e+002,-5.715895e-003,0.000000e+000,8.426570e-002,0.000000e+000,3,9.876122e-001,1.825000e+000,,,,,,,,,,,,,,,,,,0,3.000000e+000,1.000000e+000,5,1,0.000000e+000,0,1,0,
1711633304.016,,0.000000e+000,3.000090e+002,-5.708127e-003,0.000000e+000,8.439653e-002,0.000000e+000,3,9.875663e-001,1.825000e+000,,,,,,,,,,,,,,,,,,0,3.000000e+000,1.000000e+000,5,1,0.000000e+000,0,0,0,
1711633318.411,,0.000000e+000,2.999971e+002,-5.708773e-003,0.000000e+000,8.431236e-002,0.000000e+000,3,9.875839e-001,1.825000e+000,,,,,,,,,,,,,,,,,,0,3.000000e+000,1.000000e+000,5,1,0.000000e+000,0,0,0,
1711633333.309,,0.000000e+000,3.000090e+002,-5.708870e-003,0.000000e+000,8.412191e-002,0.000000e+000,3,9.874992e-001,1.825000e+000,,,,,,,,,,,,,,,,,,0,3.000000e+000,1.000000e+000,5,1,2.371216e-002,0,0,0,
1711633346.948,,0.000000e+000,2.999971e+002,-5.707451e-003,0.000000e+000,8.430885e-002,0.000000e+000,3,9.876508e-001,1.825000e+000,,,,,,,,,,,,,,,,,,0,3.000000e+000,1.000000e+000,5,1,4.742432e-002,0,0,0,
1711633361.847,,0.000000e+000,2.999793e+002,-5.707953e-003,0.000000e+000,8.420157e-002,0.000000e+000,3,9.875075e-001,1.825000e+000,,,,,,,,,,,,,,,,,,0,3.000000e+000,1.000000e+000,5,1,1.190186e-002,0,0,0,
1711633700.620,,0.000000e+000,3.000031e+002,-5.700192e-003,0.000000e+000,8.442922e-002,0.000000e+000,3,9.876266e-001,1.825000e+000,,,,,,,,,,,,,,,,,,0,3.000000e+000,1.000000e+000,5,1,3.552246e-002,0,1,0,
1711633717.269,,0.000000e+000,2.999971e+002,-5.700892e-003,0.000000e+000,8.434574e-002,0.000000e+000,3,9.875628e-001,1.825000e+000,,,,,,,,,,,,,,,,,,0,3.000000e+000,1.000000e+000,5,1,2.371216e-002,0,1,0,
1711633730.707,,0.000000e+000,2.999793e+002,-5.699936e-003,0.000000e+000,8.443058e-002,0.000000e+000,3,9.876371e-001,1.825000e+000,,,,,,,,,,,,,,,,,,0,3.000000e+000,1.000000e+000,5,1,1.190186e-002,0,1,0,
1711633745.348,,0.000000e+000,2.999852e+002,-5.700543e-003,0.000000e+000,8.450434e-002,0.000000e+000,3,9.875798e-001,1.825000e+000,,,,,,,,,,,,,,,,,,0,3.000000e+000,1.000000e+000,5,1,2.371216e-002,0,1,0,
1711633758.761,,0.000000e+000,2.999793e+002,-5.700204e-003,0.000000e+000,8.448524e-002,0.000000e+000,3,9.876511e-001,1.825000e+000,,,,,,,,,,,,,,,,,,0,3.000000e+000,1.000000e+000,5,1,1.190186e-002,0,1,0,
1711634101.689,,0.000000e+000,3.000090e+002,-5.692912e-003,0.000000e+000,8.449677e-002,0.000000e+000,3,9.875571e-001,1.825000e+000,,,,,,,,,,,,,,,,,,0,3.000000e+000,1.000000e+000,5,1,2.371216e-002,0,1,0,
1711634116.208,,0.000000e+000,2.999912e+002,-5.692529e-003,0.000000e+000,8.458612e-002,0.000000e+000,3,9.876046e-001,1.825000e+000,,,,,,,,,,,,,,,,,,0,3.000000e+000,1.000000e+000,5,1,1.181030e-002,0,1,0,
1711634128.314,,0.000000e+000,2.999912e+002,-5.686042e-003,0.000000e+000,8.566774e-002,0.000000e+000,3,9.873237e-001,1.825000e+000,,,,,,,,,,,,,,,,,,0,3.000000e+000,1.000000e+000,5,1,1.181030e-002,0,1,0,
1711634142.706,,0.000000e+000,2.999912e+002,-5.692304e-003,0.000000e+000,8.453614e-002,0.000000e+000,3,9.876199e-001,1.825000e+000,,,,,,,,,,,,,,,,,,0,3.000000e+000,1.000000e+000,5,1,1.181030e-002,0,1,0,
1711634155.100,,0.000000e+000,2.999912e+002,-5.692712e-003,0.000000e+000,8.457712e-002,0.000000e+000,3,9.876022e-001,1.825000e+000,,,,,,,,,,,,,,,,,,0,3.000000e+000,1.000000e+000,5,1,1.181030e-002,0,1,0,
1711634498.868,,0.000000e+000,2.999971e+002,-5.685728e-003,0.000000e+000,8.477159e-002,0.000000e+000,3,9.875378e-001,1.825000e+000,,,,,,,,,,,,,,,,,,0,3.000000e+000,1.000000e+000,5,1,0.000000e+000,0,1,0,
1711634511.761,,0.000000e+000,2.999971e+002,-5.684367e-003,0.000000e+000,8.486322e-002,0.000000e+000,3,9.875941e-001,1.825000e+000,,,,,,,,,,,,,,,,,,0,3.000000e+000,1.000000e+000,5,1,2.371216e-002,0,1,0,
1711634525.707,,0.000000e+000,2.999971e+002,-5.685027e-003,0.000000e+000,8.476403e-002,0.000000e+000,3,9.876185e-001,1.825000e+000,,,,,,,,,,,,,,,,,,0,3.000000e+000,1.000000e+000,5,1,2.371216e-002,0,1,0,
1711634541.608,,0.000000e+000,3.000090e+002,-5.692621e-003,0.000000e+000,8.464628e-002,0.000000e+000,3,9.874983e-001,1.825000e+000,,,,,,,,,,,,,,,,,,0,3.000000e+000,1.000000e+000,5,1,2.371216e-002,0,1,0,
1711634556.540,,0.000000e+000,3.000149e+002,-5.684617e-003,0.000000e+000,8.463698e-002,0.000000e+000,3,9.874668e-001,1.825000e+000,,,,,,,,,,,,,,,,,,0,3.000000e+000,1.000000e+000,5,1,1.181030e-002,0,1,0,
1711634898.783,,0.000000e+000,2.999852e+002,-5.685873e-003,0.000000e+000,8.470363e-002,0.000000e+000,3,9.871758e-001,1.825000e+000,,,,,,,,,,,,,,,,,,0,3.000000e+000,1.000000e+000,5,1,2.371216e-002,0,1,0,
1711634912.426,,0.000000e+000,2.999971e+002,-5.677812e-003,0.000000e+000,8.491299e-002,0.000000e+000,3,9.875708e-001,1.825000e+000,,,,,,,,,,,,,,,,,,0,3.000000e+000,1.000000e+000,5,1,0.000000e+000,0,1,0,
1711634926.317,,0.000000e+000,3.000031e+002,-5.674980e-003,0.000000e+000,8.382234e-002,0.000000e+000,3,9.876425e-001,1.825000e+000,,,,,,,,,,,,,,,,,,0,3.000000e+000,1.000000e+000,5,1,1.190186e-002,0,1,0,
1711634939.012,,0.000000e+000,3.000031e+002,-5.676001e-003,0.000000e+000,8.476051e-002,0.000000e+000,3,9.875326e-001,1.825000e+000,,,,,,,,,,,,,,,,,,0,3.000000e+000,1.000000e+000,5,1,1.190186e-002,0,1,0,
1711634954.408,,0.000000e+000,2.999852e+002,-5.677722e-003,0.000000e+000,8.506434e-002,0.000000e+000,3,9.875749e-001,1.825000e+000,,,,,,,,,,,,,,,,,,0,3.000000e+000,1.000000e+000,5,1,2.371216e-002,0,1,0,
1711635309.937,,0.000000e+000,2.999971e+002,-5.669971e-003,0.000000e+000,8.515644e-002,0.000000e+000,3,9.875335e-001,1.825000e+000,,,,,,,,,,,,,,,,,,0,3.000000e+000,1.000000e+000,5,1,2.371216e-002,0,1,0,
1711635322.581,,0.000000e+000,3.000090e+002,-5.670510e-003,0.000000e+000,8.521716e-002,0.000000e+000,3,9.875841e-001,1.825000e+000,,,,,,,,,,,,,,,,,,0,3.000000e+000,1.000000e+000,5,1,2.371216e-002,0,1,0,
1711635334.983,,0.000000e+000,3.000208e+002,-5.671849e-003,0.000000e+000,8.477295e-002,0.000000e+000,3,9.874360e-001,1.825000e+000,,,,,,,,,,,,,,,,,,0,3.000000e+000,1.000000e+000,5,1,0.000000e+000,0,1,0,
1711635348.628,,0.000000e+000,3.000031e+002,-5.669856e-003,0.000000e+000,8.503542e-002,0.000000e+000,3,9.875377e-001,1.825000e+000,,,,,,,,,,,,,,,,,,0,3.000000e+000,1.000000e+000,5,1,1.190186e-002,0,1,0,
1711635363.265,,0.000000e+000,2.999912e+002,-5.669703e-003,0.000000e+000,8.508964e-002,0.000000e+000,3,9.875883e-001,1.825000e+000,,,,,,,,,,,,,,,,,,0,3.000000e+000,1.000000e+000,5,1,1.181030e-002,0,1,0,
1711635707.751,,0.000000e+000,3.000149e+002,-5.663231e-003,0.000000e+000,8.521839e-002,0.000000e+000,3,9.875639e-001,1.825000e+000,,,,,,,,,,,,,,,,,,0,3.000000e+000,1.000000e+000,5,1,1.181030e-002,0,1,0,
1711635720.648,,0.000000e+000,2.999971e+002,-5.663571e-003,0.000000e+000,8.515079e-002,0.000000e+000,3,9.875222e-001,1.825000e+000,,,,,,,,,,,,,,,,,,0,3.000000e+000,1.000000e+000,5,1,2.371216e-002,0,1,0,
1711635734.290,,0.000000e+000,3.000031e+002,-5.662610e-003,0.000000e+000,8.516806e-002,0.000000e+000,3,9.875551e-001,1.825000e+000,,,,,,,,,,,,,,,,,,0,3.000000e+000,1.000000e+000,5,1,1.190186e-002,0,1,0,
1711635746.942,,0.000000e+000,3.000090e+002,-5.656107e-003,0.000000e+000,8.528460e-002,0.000000e+000,3,9.873320e-001,1.825000e+000,,,,,,,,,,,,,,,,,,0,3.000000e+000,1.000000e+000,5,1,0.000000e+000,0,1,0,
1711635762.331,,0.000000e+000,3.000031e+002,-5.662721e-003,0.000000e+000,8.527535e-002,0.000000e+000,3,9.875309e-001,1.825000e+000,,,,,,,,,,,,,,,,,,0,3.000000e+000,1.000000e+000,5,1,1.190186e-002,0,1,0,
1711636115.146,,0.000000e+000,2.999971e+002,-5.655809e-003,0.000000e+000,8.536278e-002,0.000000e+000,3,9.875873e-001,1.825000e+000,,,,,,,,,,,,,,,,,,0,3.000000e+000,1.000000e+000,5,1,2.371216e-002,0,0,0,
1711636127.539,,0.000000e+000,2.999912e+002,-5.663707e-003,0.000000e+000,8.558968e-002,0.000000e+000,3,9.874282e-001,1.825000e+000,,,,,,,,,,,,,,,,,,0,3.000000e+000,1.000000e+000,5,1,1.181030e-002,0,0,0,
1711636141.729,,0.000000e+000,2.999912e+002,-5.656936e-003,0.000000e+000,8.539706e-002,0.000000e+000,3,9.876019e-001,1.825000e+000,,,,,,,,,,,,,,,,,,0,3.000000e+000,1.000000e+000,5,1,1.181030e-002,0,0,0,
1711636154.129,,0.000000e+000,2.999912e+002,-5.656573e-003,0.000000e+000,8.505652e-002,0.000000e+000,3,9.874147e-001,1.825000e+000,,,,,,,,,,,,,,,,,,0,3.000000e+000,1.000000e+000,5,1,1.181030e-002,0,0,0,
1711636168.549,,0.000000e+000,2.999971e+002,-5.657223e-003,0.000000e+000,8.526579e-002,0.000000e+000,3,9.875121e-001,1.825000e+000,,,,,,,,,,,,,,,,,,0,3.000000e+000,1.000000e+000,5,1,0.000000e+000,0,0,0,
1711636517.056,,0.000000e+000,2.999971e+002,-5.649910e-003,0.000000e+000,8.524004e-002,0.000000e+000,3,9.875100e-001,1.825000e+000,,,,,,,,,,,,,,,,,,0,3.000000e+000,1.000000e+000,5,1,4.742432e-002,0,1,0,
1711636532.946,,0.000000e+000,2.999912e+002,-5.649580e-003,0.000000e+000,8.524953e-002,0.000000e+000,3,9.875337e-001,1.825000e+000,,,,,,,,,,,,,,,,,,0,3.000000e+000,1.000000e+000,5,1,3.561401e-002,0,1,0,
1711636546.087,,0.000000e+000,2.999912e+002,-5.649915e-003,0.000000e+000,8.537859e-002,0.000000e+000,3,9.875231e-001,1.825000e+000,,,,,,,,,,,,,,,,,,0,3.000000e+000,1.000000e+000,5,1,1.181030e-002,0,1,0,
1711636560.976,,0.000000e+000,3.000090e+002,-5.649885e-003,0.000000e+000,8.532801e-002,0.000000e+000,3,9.875103e-001,1.825000e+000,,,,,,,,,,,,,,,,,,0,3.000000e+000,1.000000e+000,5,1,2.371216e-002,0,1,0,
1711636573.382,,0.000000e+000,3.000090e+002,-5.650192e-003,0.000000e+000,8.535384e-002,0.000000e+000,3,9.875371e-001,1.825000e+000,,,,,,,,,,,,,,,,,,0,3.000000e+000,1.000000e+000,5,1,2.371216e-002,0,1,0,
1711636929.543,,0.000000e+000,3.000031e+002,-5.641984e-003,0.000000e+000,8.562590e-002,0.000000e+000,3,9.874765e-001,1.825000e+000,,,,,,,,,,,,,,,,,,0,3.000000e+000,1.000000e+000,5,1,1.190186e-002,0,1,0,
1711636945.151,,0.000000e+000,3.000148e+002,-5.641990e-003,0.000000e+000,8.540194e-002,0.000000e+000,3,9.875271e-001,1.825000e+000,,,,,,,,,,,,,,,,,,0,3.000000e+000,1.000000e+000,5,1,3.549194e-002,0,1,0,
1711636959.337,,0.000000e+000,2.999853e+002,-5.648977e-003,0.000000e+000,8.444096e-002,0.000000e+000,3,9.873376e-001,1.825000e+000,,,,,,,,,,,,,,,,,,0,3.000000e+000,1.000000e+000,5,1,0.000000e+000,0,1,0,
1711636975.511,,0.000000e+000,2.999971e+002,-5.642185e-003,0.000000e+000,8.537374e-002,0.000000e+000,3,9.874888e-001,1.825000e+000,,,,,,,,,,,,,,,,,,0,3.000000e+000,1.000000e+000,5,1,2.371216e-002,0,1,0,
1711636989.579,,0.000000e+000,3.000090e+002,-5.642276e-003,0.000000e+000,8.553075e-002,0.000000e+000,3,9.875446e-001,1.825000e+000,,,,,,,,,,,,,,,,,,0,3.000000e+000,1.000000e+000,5,1,0.000000e+000,0,1,0,
1711637347.300,,0.000000e+000,3.000031e+002,-5.634550e-003,0.000000e+000,8.552749e-002,0.000000e+000,3,9.874699e-001,1.825000e+000,,,,,,,,,,,,,,,,,,0,3.000000e+000,1.000000e+000,5,1,1.190186e-002,0,1,0,
1711637361.353,,0.000000e+000,3.000031e+002,-5.635415e-003,0.000000e+000,8.556379e-002,0.000000e+000,3,9.874552e-001,1.825000e+000,,,,,,,,,,,,,,,,,,0,3.000000e+000,1.000000e+000,5,1,1.190186e-002,0,1,0,
1711637374.209,,0.000000e+000,3.000031e+002,-5.634225e-003,0.000000e+000,8.564086e-002,0.000000e+000,3,9.875304e-001,1.825000e+000,,,,,,,,,,,,,,,,,,0,3.000000e+000,1.000000e+000,5,1,1.190186e-002,0,1,0,
1711637390.354,,0.000000e+000,3.000208e+002,-5.634553e-003,0.000000e+000,8.562820e-002,0.000000e+000,3,9.874918e-001,1.825000e+000,,,,,,,,,,,,,,,,,,0,3.000000e+000,1.000000e+000,5,1,0.000000e+000,0,1,0,
1711637405.174,,0.000000e+000,2.999912e+002,-5.634922e-003,0.000000e+000,8.571433e-002,0.000000e+000,3,9.874776e-001,1.825000e+000,,,,,,,,,,,,,,,,,,0,3.000000e+000,1.000000e+000,5,1,3.561401e-002,0,1,0,
1711637758.802,,0.000000e+000,2.999971e+002,-5.627196e-003,0.000000e+000,8.574715e-002,0.000000e+000,3,9.874780e-001,1.825000e+000,,,,,,,,,,,,,,,,,,0,3.000000e+000,1.000000e+000,5,1,0.000000e+000,0,1,0,
1711637773.408,,0.000000e+000,3.000090e+002,-5.627308e-003,0.000000e+000,8.566076e-002,0.000000e+000,3,9.874161e-001,1.825000e+000,,,,,,,,,,,,,,,,,,0,3.000000e+000,1.000000e+000,5,1,2.371216e-002,0,1,0,
1711637788.055,,0.000000e+000,2.999912e+002,-5.626705e-003,0.000000e+000,8.580624e-002,0.000000e+000,3,9.874836e-001,1.825000e+000,,,,,,,,,,,,,,,,,,0,3.000000e+000,1.000000e+000,5,1,1.181030e-002,0,1,0,
1711637802.460,,0.000000e+000,2.999912e+002,-5.627988e-003,0.000000e+000,8.575285e-002,0.000000e+000,3,9.874087e-001,1.825000e+000,,,,,,,,,,,,,,,,,,0,3.000000e+000,1.000000e+000,5,1,3.561401e-002,0,1,0,
1711637817.274,,0.000000e+000,2.999971e+002,-5.627364e-003,0.000000e+000,8.568653e-002,0.000000e+000,3,9.874936e-001,1.825000e+000,,,,,,,,,,,,,,,,,,0,3.000000e+000,1.000000e+000,5,1,0.000000e+000,0,1,0,
1711638177.489,,0.000000e+000,3.000090e+002,-5.620020e-003,0.000000e+000,8.569873e-002,0.000000e+000,3,9.874125e-001,1.825000e+000,,,,,,,,,,,,,,,,,,0,3.000000e+000,1.000000e+000,5,1,0.000000e+000,0,1,0,
1711638192.405,,0.000000e+000,2.999971e+002,-5.620467e-003,0.000000e+000,8.566798e-002,0.000000e+000,3,9.873604e-001,1.825000e+000,,,,,,,,,,,,,,,,,,0,3.000000e+000,1.000000e+000,5,1,0.000000e+000,0,1,0,
1711638203.729,,0.000000e+000,3.000031e+002,-5.619042e-003,0.000000e+000,8.593688e-002,0.000000e+000,3,9.875030e-001,1.825000e+000,,,,,,,,,,,,,,,,,,0,3.000000e+000,1.000000e+000,5,1,1.190186e-002,0,1,0,
1711638218.253,,0.000000e+000,2.999971e+002,-5.620213e-003,0.000000e+000,8.573594e-002,0.000000e+000,3,9.873736e-001,1.825000e+000,,,,,,,,,,,,,,,,,,0,3.000000e+000,1.000000e+000,5,1,0.000000e+000,0,1,0,
1711638231.860,,0.000000e+000,2.999912e+002,-5.619807e-003,0.000000e+000,8.599426e-002,0.000000e+000,3,9.874761e-001,1.825000e+000,,,,,,,,,,,,,,,,,,0,3.000000e+000,1.000000e+000,5,1,1.181030e-002,0,1,0,
1711638580.107,,0.000000e+000,2.999971e+002,-5.611619e-003,0.000000e+000,8.607945e-002,0.000000e+000,3,9.874991e-001,1.825000e+000,,,,,,,,,,,,,,,,,,0,3.000000e+000,1.000000e+000,5,1,0.000000e+000,0,1,0,
1711638594.752,,0.000000e+000,3.000090e+002,-5.611800e-003,0.000000e+000,8.595752e-002,0.000000e+000,3,9.874978e-001,1.825000e+000,,,,,,,,,,,,,,,,,,0,3.000000e+000,1.000000e+000,5,1,2.371216e-002,0,1,0,
1711638609.898,,0.000000e+000,3.000031e+002,-5.611912e-003,0.000000e+000,8.598213e-002,0.000000e+000,3,9.874886e-001,1.825000e+000,,,,,,,,,,,,,,,,,,0,3.000000e+000,1.000000e+000,5,1,1.190186e-002,0,1,0,
1711638622.791,,0.000000e+000,2.999912e+002,-5.612250e-003,0.000000e+000,8.591002e-002,0.000000e+000,3,9.875017e-001,1.825000e+000,,,,,,,,,,,,,,,,,,0,3.000000e+000,1.000000e+000,5,1,1.181030e-002,0,1,0,
1711638637.434,,0.000000e+000,2.999853e+002,-5.612699e-003,0.000000e+000,8.590455e-002,0.000000e+000,3,9.874948e-001,1.825000e+000,,,,,,,,,,,,,,,,,,0,3.000000e+000,1.000000e+000,5,1,0.000000e+000,0,1,0,
1711639000.459,,0.000000e+000,3.000031e+002,-5.603803e-003,0.000000e+000,8.554916e-002,0.000000e+000,3,9.874205e-001,1.825000e+000,,,,,,,,,,,,,,,,,,0,3.000000e+000,1.000000e+000,5,1,1.190186e-002,0,0,0,
1711639013.848,,0.000000e+000,2.999853e+002,-5.604171e-003,0.000000e+000,8.566678e-002,0.000000e+000,3,9.873608e-001,1.825000e+000,,,,,,,,,,,,,,,,,,0,3.000000e+000,1.000000e+000,5,1,4.739380e-002,0,0,0,
1711639029.025,,0.000000e+000,2.999912e+002,-5.603180e-003,0.000000e+000,8.594427e-002,0.000000e+000,3,9.875206e-001,1.825000e+000,,,,,,,,,,,,,,,,,,0,3.000000e+000,1.000000e+000,5,1,3.561401e-002,0,0,0,
1711639044.169,,0.000000e+000,3.000031e+002,-5.604133e-003,0.000000e+000,8.587910e-002,0.000000e+000,3,9.874889e-001,1.825000e+000,,,,,,,,,,,,,,,,,,0,3.000000e+000,1.000000e+000,5,1,1.190186e-002,0,0,0,
1711639059.615,,0.000000e+000,2.999971e+002,-5.604687e-003,0.000000e+000,8.590689e-002,0.000000e+000,3,9.874851e-001,1.825000e+000,,,,,,,,,,,,,,,,,,0,3.000000e+000,1.000000e+000,5,1,2.371216e-002,0,0,0,
1711639421.573,,0.000000e+000,2.999734e+002,-5.594057e-003,0.000000e+000,8.608535e-002,0.000000e+000,3,9.874818e-001,1.825000e+000,,,,,,,,,,,,,,,,,,0,3.000000e+000,1.000000e+000,5,1,0.000000e+000,0,1,0,
1711639434.929,,0.000000e+000,3.000090e+002,-5.593944e-003,0.000000e+000,8.613091e-002,0.000000e+000,3,9.874930e-001,1.825000e+000,,,,,,,,,,,,,,,,,,0,3.000000e+000,1.000000e+000,5,1,2.371216e-002,0,1,0,
1711639447.877,,0.000000e+000,3.000149e+002,-5.594896e-003,0.000000e+000,8.602612e-002,0.000000e+000,3,9.874697e-001,1.825000e+000,,,,,,,,,,,,,,,,,,0,3.000000e+000,1.000000e+000,5,1,1.181030e-002,0,1,0,
1711639461.015,,0.000000e+000,3.000149e+002,-5.596580e-003,0.000000e+000,8.586647e-002,0.000000e+000,3,9.873857e-001,1.825000e+000,,,,,,,,,,,,,,,,,,0,3.000000e+000,1.000000e+000,5,1,1.181030e-002,0,1,0,
1711639475.409,,0.000000e+000,2.999971e+002,-5.594831e-003,0.000000e+000,8.603903e-002,0.000000e+000,3,9.874737e-001,1.825000e+000,,,,,,,,,,,,,,,,,,0,3.000000e+000,1.000000e+000,5,1,2.371216e-002,0,1,0,
1711639838.415,,0.000000e+000,3.000031e+002,-5.594147e-003,0.000000e+000,8.645163e-002,0.000000e+000,3,9.873440e-001,1.825000e+000,,,,,,,,,,,,,,,,,,0,3.000000e+000,1.000000e+000,5,1,3.552246e-002,0,1,0,
1711639853.808,,0.000000e+000,2.999912e+002,-5.584079e-003,0.000000e+000,8.620002e-002,0.000000e+000,3,9.874671e-001,1.825000e+000,,,,,,,,,,,,,,,,,,0,3.000000e+000,1.000000e+000,5,1,1.181030e-002,0,1,0,
1711639868.960,,0.000000e+000,2.999912e+002,-5.585087e-003,0.000000e+000,8.620808e-002,0.000000e+000,3,9.874929e-001,1.825000e+000,,,,,,,,,,,,,,,,,,0,3.000000e+000,1.000000e+000,5,1,1.181030e-002,0,1,0,
1711639884.109,,0.000000e+000,2.999971e+002,-5.584894e-003,0.000000e+000,8.614064e-002,0.000000e+000,3,9.874829e-001,1.825000e+000,,,,,,,,,,,,,,,,,,0,3.000000e+000,1.000000e+000,5,1,2.371216e-002,0,1,0,
1711639899.001,,0.000000e+000,3.000031e+002,-5.604614e-003,0.000000e+000,8.650197e-002,0.000000e+000,3,9.866979e-001,1.825000e+000,,,,,,,,,,,,,,,,,,0,3.000000e+000,1.000000e+000,5,1,1.190186e-002,0,1,0,
1711640260.024,,0.000000e+000,2.999971e+002,-5.578685e-003,0.000000e+000,8.599597e-002,0.000000e+000,3,9.876489e-001,1.825000e+000,,,,,,,,,,,,,,,,,,0,3.000000e+000,1.000000e+000,5,1,2.371216e-002,0,1,0,
1711640274.670,,0.000000e+000,2.999971e+002,-5.573529e-003,0.000000e+000,8.640146e-002,0.000000e+000,3,9.874390e-001,1.825000e+000,,,,,,,,,,,,,,,,,,0,3.000000e+000,1.000000e+000,5,1,4.742432e-002,0,1,0,
1711640288.815,,0.000000e+000,3.000208e+002,-5.574193e-003,0.000000e+000,8.641502e-002,0.000000e+000,3,9.874500e-001,1.825000e+000,,,,,,,,,,,,,,,,,,0,3.000000e+000,1.000000e+000,5,1,0.000000e+000,0,1,0,
1711640304.457,,0.000000e+000,2.999971e+002,-5.582722e-003,0.000000e+000,8.674774e-002,0.000000e+000,3,9.873748e-001,1.825000e+000,,,,,,,,,,,,,,,,,,0,3.000000e+000,1.000000e+000,5,1,0.000000e+000,0,1,0,
1711640316.097,,0.000000e+000,3.000149e+002,-5.575618e-003,0.000000e+000,8.618993e-002,0.000000e+000,3,9.873958e-001,1.825000e+000,,,,,,,,,,,,,,,,,,0,3.000000e+000,1.000000e+000,5,1,1.181030e-002,0,1,0,
1711640684.627,,0.000000e+000,3.000031e+002,-5.561092e-003,0.000000e+000,8.650835e-002,0.000000e+000,3,9.874564e-001,1.825000e+000,,,,,,,,,,,,,,,,,,0,3.000000e+000,1.000000e+000,5,1,1.190186e-002,0,1,0,
1711640697.811,,0.000000e+000,3.000149e+002,-5.562338e-003,0.000000e+000,8.627190e-002,0.000000e+000,3,9.873169e-001,1.825000e+000,,,,,,,,,,,,,,,,,,0,3.000000e+000,1.000000e+000,5,1,1.181030e-002,0,1,0,
1711640712.708,,0.000000e+000,3.000090e+002,-5.563169e-003,0.000000e+000,8.621196e-002,0.000000e+000,3,9.873767e-001,1.825000e+000,,,,,,,,,,,,,,,,,,0,3.000000e+000,1.000000e+000,5,1,2.371216e-002,0,1,0,
1711640727.103,,0.000000e+000,3.000031e+002,-5.562849e-003,0.000000e+000,8.637761e-002,0.000000e+000,3,9.874324e-001,1.825000e+000,,,,,,,,,,,,,,,,,,0,3.000000e+000,1.000000e+000,5,1,1.190186e-002,0,1,0,
1711640741.745,,0.000000e+000,2.999971e+002,-5.563303e-003,0.000000e+000,8.626724e-002,0.000000e+000,3,9.873824e-001,1.825000e+000,,,,,,,,,,,,,,,,,,0,3.000000e+000,1.000000e+000,5,1,2.371216e-002,0,1,0,
1711641104.215,,0.000000e+000,2.999971e+002,-5.547338e-003,0.000000e+000,8.665349e-002,0.000000e+000,3,9.874189e-001,1.825000e+000,,,,,,,,,,,,,,,,,,0,3.000000e+000,1.000000e+000,5,1,0.000000e+000,0,1,0,
1711641118.488,,0.000000e+000,3.000031e+002,-5.538629e-003,0.000000e+000,8.653513e-002,0.000000e+000,3,9.869424e-001,1.825000e+000,,,,,,,,,,,,,,,,,,0,3.000000e+000,1.000000e+000,5,1,1.190186e-002,0,1,0,
1711641133.620,,0.000000e+000,2.999853e+002,-5.548674e-003,0.000000e+000,8.657695e-002,0.000000e+000,3,9.874327e-001,1.825000e+000,,,,,,,,,,,,,,,,,,0,3.000000e+000,1.000000e+000,5,1,0.000000e+000,0,1,0,
1711641148.815,,0.000000e+000,2.999971e+002,-5.541264e-003,0.000000e+000,8.627976e-002,0.000000e+000,3,9.867676e-001,1.825000e+000,,,,,,,,,,,,,,,,,,0,3.000000e+000,1.000000e+000,5,1,0.000000e+000,0,1,0,
1711641163.458,,0.000000e+000,2.999912e+002,-5.549874e-003,0.000000e+000,8.654636e-002,0.000000e+000,3,9.874833e-001,1.825000e+000,,,,,,,,,,,,,,,,,,0,3.000000e+000,1.000000e+000,5,1,3.561401e-002,0,1,0,
1711641534.498,,0.000000e+000,2.999971e+002,-5.530379e-003,0.000000e+000,8.662886e-002,0.000000e+000,3,9.873966e-001,1.825000e+000,,,,,,,,,,,,,,,,,,0,3.000000e+000,1.000000e+000,5,1,2.371216e-002,0,0,0,
1711641550.191,,0.000000e+000,3.000149e+002,-5.532218e-003,0.000000e+000,8.662684e-002,0.000000e+000,3,9.874319e-001,1.825000e+000,,,,,,,,,,,,,,,,,,0,3.000000e+000,1.000000e+000,5,1,1.181030e-002,0,0,0,
1711641564.876,,0.000000e+000,3.000090e+002,-5.533147e-003,0.000000e+000,8.657982e-002,0.000000e+000,3,9.874564e-001,1.825000e+000,,,,,,,,,,,,,,,,,,0,3.000000e+000,1.000000e+000,5,1,0.000000e+000,0,0,0,
1711641580.949,,0.000000e+000,3.000031e+002,-5.533698e-003,0.000000e+000,8.671756e-002,0.000000e+000,3,9.874834e-001,1.825000e+000,,,,,,,,,,,,,,,,,,0,3.000000e+000,1.000000e+000,5,1,1.190186e-002,0,0,0,
1711641595.064,,0.000000e+000,2.999971e+002,-5.534217e-003,0.000000e+000,8.667664e-002,0.000000e+000,3,9.874412e-001,1.825000e+000,,,,,,,,,,,,,,,,,,0,3.000000e+000,1.000000e+000,5,1,0.000000e+000,0,0,0,
1711641959.099,,0.000000e+000,2.999912e+002,-5.511831e-003,0.000000e+000,8.694627e-002,0.000000e+000,3,9.874610e-001,1.825000e+000,,,,,,,,,,,,,,,,,,0,3.000000e+000,1.000000e+000,5,1,3.561401e-002,0,1,0,
1711641972.489,,0.000000e+000,2.999971e+002,-5.513357e-003,0.000000e+000,8.676738e-002,0.000000e+000,3,9.874576e-001,1.825000e+000,,,,,,,,,,,,,,,,,,0,3.000000e+000,1.000000e+000,5,1,2.371216e-002,0,1,0,
1711641986.394,,0.000000e+000,3.000031e+002,-5.515270e-003,0.000000e+000,8.646191e-002,0.000000e+000,3,9.873075e-001,1.825000e+000,,,,,,,,,,,,,,,,,,0,3.000000e+000,1.000000e+000,5,1,1.190186e-002,0,1,0,
1711642001.038,,0.000000e+000,3.000031e+002,-5.515029e-003,0.000000e+000,8.654845e-002,0.000000e+000,3,9.874594e-001,1.825000e+000,,,,,,,,,,,,,,,,,,0,3.000000e+000,1.000000e+000,5,1,1.190186e-002,0,1,0,
1711642013.988,,0.000000e+000,3.000031e+002,-5.515559e-003,0.000000e+000,8.656149e-002,0.000000e+000,3,9.873987e-001,1.825000e+000,,,,,,,,,,,,,,,,,,0,3.000000e+000,1.000000e+000,5,1,1.190186e-002,0,1,0,
1711642384.731,,0.000000e+000,3.000090e+002,-5.488595e-003,0.000000e+000,8.677322e-002,0.000000e+000,3,9.872797e-001,1.825000e+000,,,,,,,,,,,,,,,,,,0,3.000000e+000,1.000000e+000,5,1,0.000000e+000,0,1,0,
1711642399.168,,0.000000e+000,3.000090e+002,-5.488928e-003,0.000000e+000,8.694303e-002,0.000000e+000,3,9.874104e-001,1.825000e+000,,,,,,,,,,,,,,,,,,0,3.000000e+000,1.000000e+000,5,1,2.371216e-002,0,1,0,
1711642411.809,,0.000000e+000,3.000090e+002,-5.490455e-003,0.000000e+000,8.674325e-002,0.000000e+000,3,9.872603e-001,1.825000e+000,,,,,,,,,,,,,,,,,,0,3.000000e+000,1.000000e+000,5,1,2.371216e-002,0,1,0,
1711642424.220,,0.000000e+000,3.000031e+002,-5.490233e-003,0.000000e+000,8.700957e-002,0.000000e+000,3,9.874390e-001,1.825000e+000,,,,,,,,,,,,,,,,,,0,3.000000e+000,1.000000e+000,5,1,1.190186e-002,0,1,0,
1711642436.861,,0.000000e+000,2.999912e+002,-5.491814e-003,0.000000e+000,8.689196e-002,0.000000e+000,3,9.873952e-001,1.825000e+000,,,,,,,,,,,,,,,,,,0,3.000000e+000,1.000000e+000,5,1,1.181030e-002,0,1,0,
1711642808.062,,0.000000e+000,3.000090e+002,-5.459530e-003,0.000000e+000,8.710826e-002,0.000000e+000,3,9.873309e-001,1.825000e+000,,,,,,,,,,,,,,,,,,0,3.000000e+000,1.000000e+000,5,1,2.371216e-002,0,1,0,
1711642819.913,,0.000000e+000,3.000208e+002,-5.460243e-003,0.000000e+000,8.714722e-002,0.000000e+000,3,9.873741e-001,1.825000e+000,,,,,,,,,,,,,,,,,,0,3.000000e+000,1.000000e+000,5,1,0.000000e+000,0,1,0,
1711642833.319,,0.000000e+000,2.999912e+002,-5.461337e-003,0.000000e+000,8.705880e-002,0.000000e+000,3,9.873546e-001,1.825000e+000,,,,,,,,,,,,,,,,,,0,3.000000e+000,1.000000e+000,5,1,3.561401e-002,0,1,0,
1711642847.958,,0.000000e+000,2.999971e+002,-5.464048e-003,0.000000e+000,8.689466e-002,0.000000e+000,3,9.872205e-001,1.825000e+000,,,,,,,,,,,,,,,,,,0,3.000000e+000,1.000000e+000,5,1,0.000000e+000,0,1,0,
1711642864.608,,0.000000e+000,3.000031e+002,-5.463548e-003,0.000000e+000,8.704476e-002,0.000000e+000,3,9.874508e-001,1.825000e+000,,,,,,,,,,,,,,,,,,0,3.000000e+000,1.000000e+000,5,1,3.552246e-002,0,1,0,
1711643237.207,,0.000000e+000,2.999912e+002,-5.423235e-003,0.000000e+000,8.732615e-002,0.000000e+000,3,9.874045e-001,1.825000e+000,,,,,,,,,,,,,,,,,,0,3.000000e+000,1.000000e+000,5,1,1.181030e-002,0,1,0,
1711643251.350,,0.000000e+000,2.999912e+002,-5.424816e-003,0.000000e+000,8.719584e-002,0.000000e+000,3,9.874050e-001,1.825000e+000,,,,,,,,,,,,,,,,,,0,3.000000e+000,1.000000e+000,5,1,1.181030e-002,0,1,0,
1711643265.487,,0.000000e+000,3.000031e+002,-5.425978e-003,0.000000e+000,8.720499e-002,0.000000e+000,3,9.874076e-001,1.825000e+000,,,,,,,,,,,,,,,,,,0,3.000000e+000,1.000000e+000,5,1,1.190186e-002,0,1,0,
1711643279.381,,0.000000e+000,2.999971e+002,-5.427334e-003,0.000000e+000,8.723930e-002,0.000000e+000,3,9.873697e-001,1.825000e+000,,,,,,,,,,,,,,,,,,0,3.000000e+000,1.000000e+000,5,1,2.371216e-002,0,1,0,
1711643291.276,,0.000000e+000,2.999971e+002,-5.429216e-003,0.000000e+000,8.693704e-002,0.000000e+000,3,9.872625e-001,1.825000e+000,,,,,,,,,,,,,,,,,,0,3.000000e+000,1.000000e+000,5,1,2.371216e-002,0,1,0,
1711643670.306,,0.000000e+000,3.000031e+002,-5.381227e-003,0.000000e+000,8.740879e-002,0.000000e+000,3,9.873400e-001,1.825000e+000,,,,,,,,,,,,,,,,,,0,3.000000e+000,1.000000e+000,5,1,1.190186e-002,0,1,0,
1711643684.698,,0.000000e+000,2.999971e+002,-5.382914e-003,0.000000e+000,8.735020e-002,0.000000e+000,3,9.873207e-001,1.825000e+000,,,,,,,,,,,,,,,,,,0,3.000000e+000,1.000000e+000,5,1,2.371216e-002,0,1,0,
1711643697.263,,0.000000e+000,3.000031e+002,-5.384304e-003,0.000000e+000,8.728378e-002,0.000000e+000,3,9.873489e-001,1.825000e+000,,,,,,,,,,,,,,,,,,0,3.000000e+000,1.000000e+000,5,1,1.190186e-002,0,1,0,
1711643711.869,,0.000000e+000,3.000090e+002,-5.386402e-003,0.000000e+000,8.721195e-002,0.000000e+000,3,9.873033e-001,1.825000e+000,,,,,,,,,,,,,,,,,,0,3.000000e+000,1.000000e+000,5,1,2.371216e-002,0,1,0,
1711643726.014,,0.000000e+000,2.999853e+002,-5.386175e-003,0.000000e+000,8.739623e-002,0.000000e+000,3,9.873897e-001,1.825000e+000,,,,,,,,,,,,,,,,,,0,3.000000e+000,1.000000e+000,5,1,0.000000e+000,0,1,0,
1711644090.085,,0.000000e+000,3.000149e+002,-5.331256e-003,0.000000e+000,8.737390e-002,0.000000e+000,3,9.873833e-001,1.825000e+000,,,,,,,,,,,,,,,,,,0,3.000000e+000,1.000000e+000,5,1,1.181030e-002,0,0,0,
1711644106.479,,0.000000e+000,2.999912e+002,-5.333027e-003,0.000000e+000,8.749659e-002,0.000000e+000,3,9.873489e-001,1.825000e+000,,,,,,,,,,,,,,,,,,0,3.000000e+000,1.000000e+000,5,1,3.561401e-002,0,0,0,
1711644119.374,,0.000000e+000,2.999971e+002,-5.335631e-003,0.000000e+000,8.739538e-002,0.000000e+000,3,9.872771e-001,1.825000e+000,,,,,,,,,,,,,,,,,,0,3.000000e+000,1.000000e+000,5,1,0.000000e+000,0,0,0,
1711644132.778,,0.000000e+000,2.999971e+002,-5.337219e-003,0.000000e+000,8.740641e-002,0.000000e+000,3,9.873258e-001,1.825000e+000,,,,,,,,,,,,,,,,,,0,3.000000e+000,1.000000e+000,5,1,0.000000e+000,0,0,0,
1711644145.919,,0.000000e+000,2.999912e+002,-5.338313e-003,0.000000e+000,8.740353e-002,0.000000e+000,3,9.872860e-001,1.825000e+000,,,,,,,,,,,,,,,,,,0,3.000000e+000,1.000000e+000,5,1,1.181030e-002,0,0,0,
1711644529.463,,0.000000e+000,3.000149e+002,-5.266508e-003,0.000000e+000,8.734445e-002,0.000000e+000,3,9.871869e-001,1.825000e+000,,,,,,,,,,,,,,,,,,0,3.000000e+000,1.000000e+000,5,1,1.181030e-002,0,1,0,
1711644542.854,,0.000000e+000,3.000090e+002,-5.267186e-003,0.000000e+000,8.751385e-002,0.000000e+000,3,9.873016e-001,1.825000e+000,,,,,,,,,,,,,,,,,,0,3.000000e+000,1.000000e+000,5,1,0.000000e+000,0,1,0,
1711644556.185,,0.000000e+000,2.999852e+002,-5.268794e-003,0.000000e+000,8.760498e-002,0.000000e+000,3,9.873607e-001,1.825000e+000,,,,,,,,,,,,,,,,,,0,3.000000e+000,1.000000e+000,5,1,2.371216e-002,0,1,0,
1711644570.044,,0.000000e+000,2.999971e+002,-5.270265e-003,0.000000e+000,8.738715e-002,0.000000e+000,3,9.873543e-001,1.825000e+000,,,,,,,,,,,,,,,,,,0,3.000000e+000,1.000000e+000,5,1,4.742432e-002,0,1,0,
1711644582.689,,0.000000e+000,3.000031e+002,-5.271552e-003,0.000000e+000,8.728427e-002,0.000000e+000,3,9.873295e-001,1.825000e+000,,,,,,,,,,,,,,,,,,0,3.000000e+000,1.000000e+000,5,1,1.190186e-002,0,1,0,
1711644963.019,,0.000000e+000,3.000090e+002,-5.189186e-003,0.000000e+000,8.785550e-002,0.000000e+000,3,9.873289e-001,1.825000e+000,,,,,,,,,,,,,,,,,,0,3.000000e+000,1.000000e+000,5,1,2.371216e-002,0,1,0,
1711644976.449,,0.000000e+000,2.999912e+002,-5.190759e-003,0.000000e+000,8.769755e-002,0.000000e+000,3,9.873681e-001,1.825000e+000,,,,,,,,,,,,,,,,,,0,3.000000e+000,1.000000e+000,5,1,1.181030e-002,0,1,0,
1711644989.589,,0.000000e+000,3.000208e+002,-5.193225e-003,0.000000e+000,8.760431e-002,0.000000e+000,3,9.872922e-001,1.825000e+000,,,,,,,,,,,,,,,,,,0,3.000000e+000,1.000000e+000,5,1,0.000000e+000,0,1,0,
1711645004.238,,0.000000e+000,3.000149e+002,-5.194284e-003,0.000000e+000,8.759031e-002,0.000000e+000,3,9.873385e-001,1.825000e+000,,,,,,,,,,,,,,,,,,0,3.000000e+000,1.000000e+000,5,1,1.181030e-002,0,1,0,
1711645018.130,,0.000000e+000,3.000090e+002,-5.195783e-003,0.000000e+000,8.756980e-002,0.000000e+000,3,9.873314e-001,1.825000e+000,,,,,,,,,,,,,,,,,,0,3.000000e+000,1.000000e+000,5,1,0.000000e+000,0,1,0,
1711645395.862,,0.000000e+000,3.000090e+002,-5.088569e-003,0.000000e+000,8.809418e-002,0.000000e+000,3,9.873375e-001,1.825000e+000,,,,,,,,,,,,,,,,,,0,3.000000e+000,1.000000e+000,5,1,0.000000e+000,0,1,0,
1711645408.990,,0.000000e+000,3.000031e+002,-5.090428e-003,0.000000e+000,8.795103e-002,0.000000e+000,3,9.873439e-001,1.825000e+000,,,,,,,,,,,,,,,,,,0,3.000000e+000,1.000000e+000,5,1,1.190186e-002,0,1,0,
1711645422.313,,0.000000e+000,2.999971e+002,-5.093052e-003,0.000000e+000,8.786125e-002,0.000000e+000,3,9.873050e-001,1.825000e+000,,,,,,,,,,,,,,,,,,0,3.000000e+000,1.000000e+000,5,1,2.371216e-002,0,1,0,
1711645435.167,,0.000000e+000,3.000031e+002,-5.096105e-003,0.000000e+000,8.772317e-002,0.000000e+000,3,9.872112e-001,1.825000e+000,,,,,,,,,,,,,,,,,,0,3.000000e+000,1.000000e+000,5,1,3.552246e-002,0,1,0,
1711645449.808,,0.000000e+000,3.000090e+002,-5.097303e-003,0.000000e+000,8.773817e-002,0.000000e+000,3,9.871901e-001,1.825000e+000,,,,,,,,,,,,,,,,,,0,3.000000e+000,1.000000e+000,5,1,0.000000e+000,0,1,0,
1711645826.341,,0.000000e+000,2.999971e+002,-4.956239e-003,0.000000e+000,8.780873e-002,0.000000e+000,3,9.870305e-001,1.825000e+000,,,,,,,,,,,,,,,,,,0,3.000000e+000,1.000000e+000,5,1,2.371216e-002,0,1,0,
1711645837.787,,0.000000e+000,2.999853e+002,-4.966096e-003,0.000000e+000,8.807922e-002,0.000000e+000,3,9.872982e-001,1.825000e+000,,,,,,,,,,,,,,,,,,0,3.000000e+000,1.000000e+000,5,1,0.000000e+000,0,1,0,
1711645850.732,,0.000000e+000,2.999912e+002,-4.968379e-003,0.000000e+000,8.796428e-002,0.000000e+000,3,9.872725e-001,1.825000e+000,,,,,,,,,,,,,,,,,,0,3.000000e+000,1.000000e+000,5,1,1.181030e-002,0,1,0,
1711645865.628,,0.000000e+000,3.000031e+002,-4.972148e-003,0.000000e+000,8.788764e-002,0.000000e+000,3,9.871688e-001,1.825000e+000,,,,,,,,,,,,,,,,,,0,3.000000e+000,1.000000e+000,5,1,1.190186e-002,0,1,0,
1711645879.291,,0.000000e+000,3.000031e+002,-4.973033e-003,0.000000e+000,8.793364e-002,0.000000e+000,3,9.871903e-001,1.825000e+000,,,,,,,,,,,,,,,,,,0,3.000000e+000,1.000000e+000,5,1,1.190186e-002,0,1,0,
1711646276.104,,0.000000e+000,2.999912e+002,-4.798765e-003,0.000000e+000,8.860695e-002,0.000000e+000,3,9.873289e-001,1.825000e+000,,,,,,,,,,,,,,,,,,0,3.000000e+000,1.000000e+000,5,1,1.181030e-002,0,1,0,
1711646288.544,,0.000000e+000,2.999912e+002,-4.801448e-003,0.000000e+000,8.829294e-002,0.000000e+000,3,9.872387e-001,1.825000e+000,,,,,,,,,,,,,,,,,,0,3.000000e+000,1.000000e+000,5,1,1.181030e-002,0,1,0,
1711646302.691,,0.000000e+000,2.999912e+002,-4.804142e-003,0.000000e+000,8.843660e-002,0.000000e+000,3,9.872451e-001,1.825000e+000,,,,,,,,,,,,,,,,,,0,3.000000e+000,1.000000e+000,5,1,1.181030e-002,0,1,0,
1711646316.118,,0.000000e+000,3.000090e+002,-4.805592e-003,0.000000e+000,8.840117e-002,0.000000e+000,3,9.872435e-001,1.825000e+000,,,,,,,,,,,,,,,,,,0,3.000000e+000,1.000000e+000,5,1,2.371216e-002,0,1,0,
1711646330.560,,0.000000e+000,3.000090e+002,-4.808095e-003,0.000000e+000,8.835892e-002,0.000000e+000,3,9.872437e-001,1.825000e+000,,,,,,,,,,,,,,,,,,0,3.000000e+000,1.000000e+000,5,1,2.371216e-002,0,1,0,
1711646703.923,,0.000000e+000,3.000149e+002,-4.595258e-003,0.000000e+000,8.874422e-002,0.000000e+000,3,9.872941e-001,1.825000e+000,,,,,,,,,,,,,,,,,,0,3.000000e+000,1.000000e+000,5,1,1.181030e-002,0,0,0,
1711646717.089,,0.000000e+000,3.000031e+002,-4.606138e-003,0.000000e+000,8.818722e-002,0.000000e+000,3,9.869584e-001,1.825000e+000,,,,,,,,,,,,,,,,,,0,3.000000e+000,1.000000e+000,5,1,3.552246e-002,0,0,0,
1711646729.478,,0.000000e+000,2.999912e+002,-4.601178e-003,0.000000e+000,8.859221e-002,0.000000e+000,3,9.872015e-001,1.825000e+000,,,,,,,,,,,,,,,,,,0,3.000000e+000,1.000000e+000,5,1,1.181030e-002,0,0,0,
1711646743.627,,0.000000e+000,2.999971e+002,-4.604783e-003,0.000000e+000,8.837825e-002,0.000000e+000,3,9.871379e-001,1.825000e+000,,,,,,,,,,,,,,,,,,0,3.000000e+000,1.000000e+000,5,1,2.371216e-002,0,0,0,
1711646756.811,,0.000000e+000,2.999971e+002,-4.606220e-003,0.000000e+000,8.846752e-002,0.000000e+000,3,9.871394e-001,1.825000e+000,,,,,,,,,,,,,,,,,,0,3.000000e+000,1.000000e+000,5,1,2.371216e-002,0,0,0,
1711647150.119,,0.000000e+000,2.999912e+002,-4.294155e-003,0.000000e+000,8.884152e-002,0.000000e+000,3,9.872096e-001,1.825000e+000,,,,,,,,,,,,,,,,,,0,3.000000e+000,1.000000e+000,5,1,1.181030e-002,0,1,0,
1711647164.268,,0.000000e+000,3.000031e+002,-4.297177e-003,0.000000e+000,8.888819e-002,0.000000e+000,3,9.872690e-001,1.825000e+000,,,,,,,,,,,,,,,,,,0,3.000000e+000,1.000000e+000,5,1,3.552246e-002,0,1,0,
1711647177.197,,0.000000e+000,2.999971e+002,-4.300215e-003,0.000000e+000,8.888323e-002,0.000000e+000,3,9.872615e-001,1.825000e+000,,,,,,,,,,,,,,,,,,0,3.000000e+000,1.000000e+000,5,1,2.371216e-002,0,1,0,
1711647192.346,,0.000000e+000,3.000090e+002,-4.303180e-003,0.000000e+000,8.881294e-002,0.000000e+000,3,9.872251e-001,1.825000e+000,,,,,,,,,,,,,,,,,,0,3.000000e+000,1.000000e+000,5,1,2.371216e-002,0,1,0,
1711647204.737,,0.000000e+000,2.999852e+002,-4.309809e-003,0.000000e+000,8.691658e-002,0.000000e+000,3,9.870474e-001,1.825000e+000,,,,,,,,,,,,,,,,,,0,3.000000e+000,1.000000e+000,5,1,2.371216e-002,0,1,0,
1711647597.290,,0.000000e+000,2.999852e+002,-3.882219e-003,0.000000e+000,8.913813e-002,0.000000e+000,3,9.872058e-001,1.825000e+000,,,,,,,,,,,,,,,,,,0,3.000000e+000,1.000000e+000,5,1,2.371216e-002,0,1,0,
1711647612.612,,0.000000e+000,2.999912e+002,-3.895793e-003,0.000000e+000,8.957186e-002,0.000000e+000,3,9.858902e-001,1.825000e+000,,,,,,,,,,,,,,,,,,0,3.000000e+000,1.000000e+000,5,1,1.181030e-002,0,1,0,
1711647628.013,,0.000000e+000,3.000090e+002,-3.890003e-003,0.000000e+000,8.893694e-002,0.000000e+000,3,9.872056e-001,1.825000e+000,,,,,,,,,,,,,,,,,,0,3.000000e+000,1.000000e+000,5,1,0.000000e+000,0,1,0,
1711647641.655,,0.000000e+000,2.999971e+002,-3.893199e-003,0.000000e+000,8.911199e-002,0.000000e+000,3,9.871985e-001,1.825000e+000,,,,,,,,,,,,,,,,,,0,3.000000e+000,1.000000e+000,5,1,0.000000e+000,0,1,0,
1711647655.552,,0.000000e+000,2.999971e+002,-3.896398e-003,0.000000e+000,8.884373e-002,0.000000e+000,3,9.870837e-001,1.825000e+000,,,,,,,,,,,,,,,,,,0,3.000000e+000,1.000000e+000,5,1,0.000000e+000,0,1,0,
1711648051.376,,0.000000e+000,3.000149e+002,-3.270691e-003,0.000000e+000,8.909045e-002,0.000000e+000,3,9.872988e-001,1.825000e+000,,,,,,,,,,,,,,,,,,0,3.000000e+000,1.000000e+000,5,1,1.181030e-002,0,1,0,
1711648068.028,,0.000000e+000,2.999852e+002,-3.274993e-003,0.000000e+000,8.908668e-002,0.000000e+000,3,9.872478e-001,1.825000e+000,,,,,,,,,,,,,,,,,,0,3.000000e+000,1.000000e+000,5,1,2.371216e-002,0,1,0,
1711648082.421,,0.000000e+000,2.999971e+002,-3.278635e-003,0.000000e+000,8.904691e-002,0.000000e+000,3,9.872611e-001,1.825000e+000,,,,,,,,,,,,,,,,,,0,3.000000e+000,1.000000e+000,5,1,0.000000e+000,0,1,0,
1711648096.107,,0.000000e+000,2.999971e+002,-3.281880e-003,0.000000e+000,8.895163e-002,0.000000e+000,3,9.872516e-001,1.825000e+000,,,,,,,,,,,,,,,,,,0,3.000000e+000,1.000000e+000,5,1,0.000000e+000,0,1,0,
1711648110.495,,0.000000e+000,2.999852e+002,-3.284706e-003,0.000000e+000,8.908336e-002,0.000000e+000,3,9.872339e-001,1.825000e+000,,,,,,,,,,,,,,,,,,0,3.000000e+000,1.000000e+000,5,1,2.371216e-002,0,1,0,
1711648523.810,,0.000000e+000,3.000149e+002,-2.525909e-003,0.000000e+000,8.851448e-002,0.000000e+000,3,9.873807e-001,1.825000e+000,,,,,,,,,,,,,,,,,,0,3.000000e+000,1.000000e+000,5,1,1.181030e-002,0,1,0,
1711648536.510,,0.000000e+000,3.000090e+002,-2.528953e-003,0.000000e+000,8.843662e-002,0.000000e+000,3,9.873276e-001,1.825000e+000,,,,,,,,,,,,,,,,,,0,3.000000e+000,1.000000e+000,5,1,2.371216e-002,0,1,0,
1711648550.154,,0.000000e+000,2.999971e+002,-2.532679e-003,0.000000e+000,8.815715e-002,0.000000e+000,3,9.871756e-001,1.825000e+000,,,,,,,,,,,,,,,,,,0,3.000000e+000,1.000000e+000,5,1,0.000000e+000,0,1,0,
1711648561.467,,0.000000e+000,3.000090e+002,-2.534614e-003,0.000000e+000,8.832989e-002,0.000000e+000,3,9.873078e-001,1.825000e+000,,,,,,,,,,,,,,,,,,0,3.000000e+000,1.000000e+000,5,1,0.000000e+000,0,1,0,
1711648576.320,,0.000000e+000,3.000149e+002,-2.549462e-003,0.000000e+000,9.630882e-002,0.000000e+000,3,9.854142e-001,1.825000e+000,,,,,,,,,,,,,,,,,,0,3.000000e+000,1.000000e+000,5,1,1.181030e-002,0,1,0,
1711649010.314,,0.000000e+000,3.000031e+002,-1.492391e-003,0.000000e+000,8.510401e-002,0.000000e+000,3,9.876595e-001,1.825000e+000,,,,,,,,,,,,,,,,,,0,3.000000e+000,1.000000e+000,5,1,1.190186e-002,0,1,0,
1711649022.885,,0.000000e+000,3.000031e+002,-1.495472e-003,0.000000e+000,8.505560e-002,0.000000e+000,3,9.876615e-001,1.825000e+000,,,,,,,,,,,,,,,,,,0,3.000000e+000,1.000000e+000,5,1,3.552246e-002,0,1,0,
1711649037.243,,0.000000e+000,2.999971e+002,-1.498796e-003,0.000000e+000,8.502619e-002,0.000000e+000,3,9.877270e-001,1.825000e+000,,,,,,,,,,,,,,,,,,0,3.000000e+000,1.000000e+000,5,1,2.371216e-002,0,1,0,
1711649050.380,,0.000000e+000,3.000031e+002,-1.501964e-003,0.000000e+000,8.487704e-002,0.000000e+000,3,9.875261e-001,1.825000e+000,,,,,,,,,,,,,,,,,,0,3.000000e+000,1.000000e+000,5,1,1.190186e-002,0,1,0,
1711649065.577,,0.000000e+000,2.999912e+002,-1.505088e-003,0.000000e+000,8.491523e-002,0.000000e+000,3,9.876538e-001,1.825000e+000,,,,,,,,,,,,,,,,,,0,3.000000e+000,1.000000e+000,5,1,1.181030e-002,0,1,0,
1711649508.465,,0.000000e+000,2.999912e+002,-3.042359e-004,0.000000e+000,6.212915e-002,0.000000e+000,3,9.575027e-001,1.825000e+000,,,,,,,,,,,,,,,,,,0,3.000000e+000,1.000000e+000,5,1,1.181030e-002,0,0,0,
1711649532.999,,0.000000e+000,2.999912e+002,-3.190735e-004,0.000000e+000,8.568687e-002,0.000000e+000,3,9.304197e-001,1.825000e+000,,,,,,,,,,,,,,,,,,0,3.000000e+000,1.000000e+000,5,1,1.181030e-002,0,0,0,
1711649545.558,,0.000000e+000,2.999912e+002,-3.189698e-004,0.000000e+000,3.905975e-002,0.000000e+000,3,9.457201e-001,1.825000e+000,,,,,,,,,,,,,,,,,,0,3.000000e+000,1.000000e+000,5,1,1.181030e-002,0,0,0,
1711649559.210,,0.000000e+000,2.999912e+002,-3.197269e-004,0.000000e+000,8.282766e-002,0.000000e+000,3,9.597810e-001,1.825000e+000,,,,,,,,,,,,,,,,,,0,3.000000e+000,1.000000e+000,5,1,1.181030e-002,0,0,0,
1711649571.609,,0.000000e+000,2.999971e+002,-3.134514e-004,0.000000e+000,8.307359e-002,0.000000e+000,3,9.420430e-001,1.825000e+000,,,,,,,,,,,,,,,,,,0,3.000000e+000,1.000000e+000,5,1,0.000000e+000,0,0,0,
1711649979.943,,0.000000e+000,3.000090e+002,8.516270e-004,0.000000e+000,9.976850e-002,0.000000e+000,3,9.787985e-001,1.825000e+000,,,,,,,,,,,,,,,,,,0,3.000000e+000,1.000000e+000,5,1,0.000000e+000,0,1,0,
1711649993.584,,0.000000e+000,2.999853e+002,8.404772e-004,0.000000e+000,1.120596e-001,0.000000e+000,3,9.712372e-001,1.825000e+000,,,,,,,,,,,,,,,,,,0,3.000000e+000,1.000000e+000,5,1,0.000000e+000,0,1,0,
1711650006.732,,0.000000e+000,3.000090e+002,8.520499e-004,0.000000e+000,1.071947e-001,0.000000e+000,3,9.856523e-001,1.825000e+000,,,,,,,,,,,,,,,,,,0,3.000000e+000,1.000000e+000,5,1,2.371216e-002,0,1,0,
1711650022.562,,0.000000e+000,3.000090e+002,8.472754e-004,0.000000e+000,1.074240e-001,0.000000e+000,3,9.856111e-001,1.825000e+000,,,,,,,,,,,,,,,,,,0,3.000000e+000,1.000000e+000,5,1,0.000000e+000,0,1,0,
1711650036.416,,0.000000e+000,2.999912e+002,8.433351e-004,0.000000e+000,1.075138e-001,0.000000e+000,3,9.856294e-001,1.825000e+000,,,,,,,,,,,,,,,,,,0,3.000000e+000,1.000000e+000,5,1,1.181030e-002,0,1,0,
1711650471.137,,0.000000e+000,3.000090e+002,1.903774e-003,0.000000e+000,9.810663e-002,0.000000e+000,3,9.862919e-001,1.825000e+000,,,,,,,,,,,,,,,,,,0,3.000000e+000,1.000000e+000,5,1,2.371216e-002,0,1,0,
1711650484.780,,0.000000e+000,2.999853e+002,1.899150e-003,0.000000e+000,9.819832e-002,0.000000e+000,3,9.863952e-001,1.825000e+000,,,,,,,,,,,,,,,,,,0,3.000000e+000,1.000000e+000,5,1,0.000000e+000,0,1,0,
1711650499.340,,0.000000e+000,2.999912e+002,1.894753e-003,0.000000e+000,9.831879e-002,0.000000e+000,3,9.864010e-001,1.825000e+000,,,,,,,,,,,,,,,,,,0,3.000000e+000,1.000000e+000,5,1,1.181030e-002,0,1,0,
1711650513.945,,0.000000e+000,3.000149e+002,1.890675e-003,0.000000e+000,9.832227e-002,0.000000e+000,3,9.863552e-001,1.825000e+000,,,,,,,,,,,,,,,,,,0,3.000000e+000,1.000000e+000,5,1,1.181030e-002,0,1,0,
1711650526.836,,0.000000e+000,2.999912e+002,1.896596e-003,0.000000e+000,1.016024e-001,0.000000e+000,3,9.842495e-001,1.825000e+000,,,,,,,,,,,,,,,,,,0,3.000000e+000,1.000000e+000,5,1,1.181030e-002,0,1,0,
1711650999.497,,0.000000e+000,2.999971e+002,2.778312e-003,0.000000e+000,9.538700e-002,0.000000e+000,3,9.866542e-001,1.825000e+000,,,,,,,,,,,,,,,,,,0,3.000000e+000,1.000000e+000,5,1,2.371216e-002,0,1,0,
1711651012.140,,0.000000e+000,3.000031e+002,2.774937e-003,0.000000e+000,9.534239e-002,0.000000e+000,3,9.865892e-001,1.825000e+000,,,,,,,,,,,,,,,,,,0,3.000000e+000,1.000000e+000,5,1,1.190186e-002,0,1,0,
1711651024.590,,0.000000e+000,2.999971e+002,2.771337e-003,0.000000e+000,9.541281e-002,0.000000e+000,3,9.866267e-001,1.825000e+000,,,,,,,,,,,,,,,,,,0,3.000000e+000,1.000000e+000,5,1,2.371216e-002,0,1,0,
1711651036.235,,0.000000e+000,2.999971e+002,2.768197e-003,0.000000e+000,9.552854e-002,0.000000e+000,3,9.866573e-001,1.825000e+000,,,,,,,,,,,,,,,,,,0,3.000000e+000,1.000000e+000,5,1,2.371216e-002,0,1,0,
1711651049.671,,0.000000e+000,2.999971e+002,2.765339e-003,0.000000e+000,9.525446e-002,0.000000e+000,3,9.864957e-001,1.825000e+000,,,,,,,,,,,,,,,,,,0,3.000000e+000,1.000000e+000,5,1,0.000000e+000,0,1,0,
1711651545.746,,0.000000e+000,3.000090e+002,3.507886e-003,0.000000e+000,9.340442e-002,0.000000e+000,3,9.868317e-001,1.825000e+000,,,,,,,,,,,,,,,,,,0,3.000000e+000,1.000000e+000,5,1,0.000000e+000,0,0,0,
1711651557.680,,0.000000e+000,3.000031e+002,3.504334e-003,0.000000e+000,9.329499e-002,0.000000e+000,3,9.868180e-001,1.825000e+000,,,,,,,,,,,,,,,,,,0,3.000000e+000,1.000000e+000,5,1,1.190186e-002,0,0,0,
1711651572.575,,0.000000e+000,2.999971e+002,3.500648e-003,0.000000e+000,9.332766e-002,0.000000e+000,3,9.867613e-001,1.825000e+000,,,,,,,,,,,,,,,,,,0,3.000000e+000,1.000000e+000,5,1,2.371216e-002,0,0,0,
1711651588.471,,0.000000e+000,3.000031e+002,3.497390e-003,0.000000e+000,9.338836e-002,0.000000e+000,3,9.867600e-001,1.825000e+000,,,,,,,,,,,,,,,,,,0,3.000000e+000,1.000000e+000,5,1,1.190186e-002,0,0,0,
1711651603.117,,0.000000e+000,2.999912e+002,3.493472e-003,0.000000e+000,9.342783e-002,0.000000e+000,3,9.868041e-001,1.825000e+000,,,,,,,,,,,,,,,,,,0,3.000000e+000,1.000000e+000,5,1,1.181030e-002,0,0,0,
1711652115.030,,0.000000e+000,3.000090e+002,4.127387e-003,0.000000e+000,9.178621e-002,0.000000e+000,3,9.869356e-001,1.825000e+000,,,,,,,,,,,,,,,,,,0,3.000000e+000,1.000000e+000,5,1,0.000000e+000,0,1,0,
1711652128.980,,0.000000e+000,3.000090e+002,4.131190e-003,0.000000e+000,9.153958e-002,0.000000e+000,3,9.857869e-001,1.825000e+000,,,,,,,,,,,,,,,,,,0,3.000000e+000,1.000000e+000,5,1,0.000000e+000,0,1,0,
1711652143.625,,0.000000e+000,3.000031e+002,4.119211e-003,0.000000e+000,9.187336e-002,0.000000e+000,3,9.869952e-001,1.825000e+000,,,,,,,,,,,,,,,,,,0,3.000000e+000,1.000000e+000,5,1,1.190186e-002,0,1,0,
1711652160.276,,0.000000e+000,2.999971e+002,4.114540e-003,0.000000e+000,9.181730e-002,0.000000e+000,3,9.870381e-001,1.825000e+000,,,,,,,,,,,,,,,,,,0,3.000000e+000,1.000000e+000,5,1,2.371216e-002,0,1,0,
1711652173.341,,0.000000e+000,2.999793e+002,4.111606e-003,0.000000e+000,9.193863e-002,0.000000e+000,3,9.869695e-001,1.825000e+000,,,,,,,,,,,,,,,,,,0,3.000000e+000,1.000000e+000,5,1,1.190186e-002,0,1,0,
1711652707.786,,0.000000e+000,3.000031e+002,4.637387e-003,0.000000e+000,9.070803e-002,0.000000e+000,3,9.870711e-001,1.825000e+000,,,,,,,,,,,,,,,,,,0,3.000000e+000,1.000000e+000,5,1,1.190186e-002,0,1,0,
1711652722.230,,0.000000e+000,2.999912e+002,4.633234e-003,0.000000e+000,9.056301e-002,0.000000e+000,3,9.870582e-001,1.825000e+000,,,,,,,,,,,,,,,,,,0,3.000000e+000,1.000000e+000,5,1,1.181030e-002,0,1,0,
1711652739.128,,0.000000e+000,3.000149e+002,4.628441e-003,0.000000e+000,9.045927e-002,0.000000e+000,3,9.870384e-001,1.825000e+000,,,,,,,,,,,,,,,,,,0,3.000000e+000,1.000000e+000,5,1,1.181030e-002,0,1,0,
1711652754.518,,0.000000e+000,3.000090e+002,4.624881e-003,0.000000e+000,9.061707e-002,0.000000e+000,3,9.870887e-001,1.825000e+000,,,,,,,,,,,,,,,,,,0,3.000000e+000,1.000000e+000,5,1,2.371216e-002,0,1,0,
1711652768.169,,0.000000e+000,3.000090e+002,4.621431e-003,0.000000e+000,9.067108e-002,0.000000e+000,3,9.870790e-001,1.825000e+000,,,,,,,,,,,,,,,,,,0,3.000000e+000,1.000000e+000,5,1,2.371216e-002,0,1,0,
1711653315.394,,0.000000e+000,2.999971e+002,5.071700e-003,0.000000e+000,8.926115e-002,0.000000e+000,3,9.870781e-001,1.825000e+000,,,,,,,,,,,,,,,,,,0,3.000000e+000,1.000000e+000,5,1,2.371216e-002,0,1,0,
1711653328.342,,0.000000e+000,3.000031e+002,5.067891e-003,0.000000e+000,8.931920e-002,0.000000e+000,3,9.870807e-001,1.825000e+000,,,,,,,,,,,,,,,,,,0,3.000000e+000,1.000000e+000,5,1,3.552246e-002,0,1,0,
1711653341.651,,0.000000e+000,3.000090e+002,5.063654e-003,0.000000e+000,8.928761e-002,0.000000e+000,3,9.871360e-001,1.825000e+000,,,,,,,,,,,,,,,,,,0,3.000000e+000,1.000000e+000,5,1,0.000000e+000,0,1,0,
1711653352.251,,0.000000e+000,2.999971e+002,5.061439e-003,0.000000e+000,8.922981e-002,0.000000e+000,3,9.870903e-001,1.825000e+000,,,,,,,,,,,,,,,,,,0,3.000000e+000,1.000000e+000,5,1,2.371216e-002,0,1,0,
1711653366.908,,0.000000e+000,3.000031e+002,5.057071e-003,0.000000e+000,8.943675e-002,0.000000e+000,3,9.871992e-001,1.825000e+000,,,,,,,,,,,,,,,,,,0,3.000000e+000,1.000000e+000,5,1,1.190186e-002,0,1,0,
1711653959.464,,0.000000e+000,2.999853e+002,5.454830e-003,0.000000e+000,8.815174e-002,0.000000e+000,3,9.871730e-001,1.825000e+000,,,,,,,,,,,,,,,,,,0,3.000000e+000,1.000000e+000,5,1,0.000000e+000,0,0,0,
1711653975.398,,0.000000e+000,2.999971e+002,5.442699e-003,0.000000e+000,8.786140e-002,0.000000e+000,3,9.869797e-001,1.825000e+000,,,,,,,,,,,,,,,,,,0,3.000000e+000,1.000000e+000,5,1,2.371216e-002,0,0,0,
1711653989.972,,0.000000e+000,3.000149e+002,5.444580e-003,0.000000e+000,8.836511e-002,0.000000e+000,3,9.873392e-001,1.825000e+000,,,,,,,,,,,,,,,,,,0,3.000000e+000,1.000000e+000,5,1,1.181030e-002,0,0,0,
1711654004.580,,0.000000e+000,2.999971e+002,5.441125e-003,0.000000e+000,8.834413e-002,0.000000e+000,3,9.872876e-001,1.825000e+000,,,,,,,,,,,,,,,,,,0,3.000000e+000,1.000000e+000,5,1,0.000000e+000,0,0,0,
1711654018.724,,0.000000e+000,2.999912e+002,5.443937e-003,0.000000e+000,8.769056e-002,0.000000e+000,3,9.867502e-001,1.825000e+000,,,,,,,,,,,,,,,,,,0,3.000000e+000,1.000000e+000,5,1,1.181030e-002,0,0,0,
1711654634.567,,0.000000e+000,2.999971e+002,5.769365e-003,0.000000e+000,8.752572e-002,0.000000e+000,3,9.874023e-001,1.825000e+000,,,,,,,,,,,,,,,,,,0,3.000000e+000,1.000000e+000,5,1,2.371216e-002,0,1,0,
1711654648.211,,0.000000e+000,3.000090e+002,5.765337e-003,0.000000e+000,8.726553e-002,0.000000e+000,3,9.872835e-001,1.825000e+000,,,,,,,,,,,,,,,,,,0,3.000000e+000,1.000000e+000,5,1,0.000000e+000,0,1,0,
1711654662.358,,0.000000e+000,2.999853e+002,5.762122e-003,0.000000e+000,8.735048e-002,0.000000e+000,3,9.873331e-001,1.825000e+000,,,,,,,,,,,,,,,,,,0,3.000000e+000,1.000000e+000,5,1,0.000000e+000,0,1,0,
1711654675.251,,0.000000e+000,2.999971e+002,5.757619e-003,0.000000e+000,8.744499e-002,0.000000e+000,3,9.874260e-001,1.825000e+000,,,,,,,,,,,,,,,,,,0,3.000000e+000,1.000000e+000,5,1,2.371216e-002,0,1,0,
1711654689.650,,0.000000e+000,2.999912e+002,5.754911e-003,0.000000e+000,8.744629e-002,0.000000e+000,3,9.873838e-001,1.825000e+000,,,,,,,,,,,,,,,,,,0,3.000000e+000,1.000000e+000,5,1,1.181030e-002,0,1,0,
1711655335.014,,0.000000e+000,2.999912e+002,6.039606e-003,0.000000e+000,8.678152e-002,0.000000e+000,3,9.874068e-001,1.825000e+000,,,,,,,,,,,,,,,,,,0,3.000000e+000,1.000000e+000,5,1,1.181030e-002,0,1,0,
1711655351.659,,0.000000e+000,2.999912e+002,6.034130e-003,0.000000e+000,8.679109e-002,0.000000e+000,3,9.874730e-001,1.825000e+000,,,,,,,,,,,,,,,,,,0,3.000000e+000,1.000000e+000,5,1,1.181030e-002,0,1,0,
1711655366.808,,0.000000e+000,3.000090e+002,6.031182e-003,0.000000e+000,8.670334e-002,0.000000e+000,3,9.873167e-001,1.825000e+000,,,,,,,,,,,,,,,,,,0,3.000000e+000,1.000000e+000,5,1,0.000000e+000,0,1,0,
1711655381.952,,0.000000e+000,2.999852e+002,6.027689e-003,0.000000e+000,8.652332e-002,0.000000e+000,3,9.873387e-001,1.825000e+000,,,,,,,,,,,,,,,,,,0,3.000000e+000,1.000000e+000,5,1,2.371216e-002,0,1,0,
1711655398.596,,0.000000e+000,2.999971e+002,6.023182e-003,0.000000e+000,8.647168e-002,0.000000e+000,3,9.873589e-001,1.825000e+000,,,,,,,,,,,,,,,,,,0,3.000000e+000,1.000000e+000,5,1,0.000000e+000,0,1,0,
1711656088.502,,0.000000e+000,3.000031e+002,6.250403e-003,0.000000e+000,8.609843e-002,0.000000e+000,3,9.874969e-001,1.825000e+000,,,,,,,,,,,,,,,,,,0,3.000000e+000,1.000000e+000,5,1,3.552246e-002,0,0,0,
1711656101.053,,0.000000e+000,3.000090e+002,6.247014e-003,0.000000e+000,8.611280e-002,0.000000e+000,3,9.875116e-001,1.825000e+000,,,,,,,,,,,,,,,,,,0,3.000000e+000,1.000000e+000,5,1,2.371216e-002,0,1,0,
1711656114.689,,0.000000e+000,2.999971e+002,6.251061e-003,0.000000e+000,8.656643e-002,0.000000e+000,3,9.874123e-001,1.825000e+000,,,,,,,,,,,,,,,,,,0,3.000000e+000,1.000000e+000,5,1,0.000000e+000,0,1,0,
1711656127.584,,0.000000e+000,2.999971e+002,6.239682e-003,0.000000e+000,8.612558e-002,0.000000e+000,3,9.875303e-001,1.825000e+000,,,,,,,,,,,,,,,,,,0,3.000000e+000,1.000000e+000,5,1,0.000000e+000,0,1,0,
1711656140.737,,0.000000e+000,3.000090e+002,6.235887e-003,0.000000e+000,8.593047e-002,0.000000e+000,3,9.874983e-001,1.825000e+000,,,,,,,,,,,,,,,,,,0,3.000000e+000,1.000000e+000,5,1,0.000000e+000,0,1,0,
