WBE-A- 1J 
         91.0  21.0   0.0   0.0   1.0
NRM    150.8 -52.6 150.8 -52.6 2.26E-04 001.6 125.9 -68.8 0.461408 0.413776 0.092806 shoemake 2026-01-15 19:53:31 
AF  16 199.0 -48.2 199.0 -48.2 2.29E-04 004.0 214.5 -67.2 0.996446 1.302364 0.285150 shoemake 2026-01-15 19:55:46 
AF  32 247.0 -65.4 247.0 -65.4 2.26E-04 001.6 294.6 -65.0 0.464329 0.432091 0.134535 shoemake 2026-01-15 19:58:03 
AF  50 101.3 -68.3 101.3 -68.3 2.17E-04 001.5 054.0 -63.4 0.360347 0.406592 0.229706 shoemake 2026-01-15 20:00:20 
AF  66 171.6 -41.3 171.6 -41.3 2.07E-04 001.7 167.0 -62.0 0.285178 0.581826 0.270640 shoemake 2026-01-15 20:02:36 
AF  87 218.0 -47.3 218.0 -47.3 1.89E-04 001.3 241.0 -61.3 0.346531 0.352402 0.098125 shoemake 2026-01-15 20:04:52 
AF 115 301.6 -75.7 301.6 -75.7 1.65E-04 001.4 336.0 -59.1 0.286756 0.267930 0.131896 shoemake 2026-01-15 20:07:08 
AF 133 121.8 -53.8 121.8 -53.8 1.47E-04 001.2 090.5 -60.0 0.185977 0.237175 0.136160 shoemake 2026-01-15 20:09:24 
AF 153 198.8 -40.7 198.8 -40.7 1.34E-04 004.4 209.6 -59.9 0.590083 0.850390 0.134109 shoemake 2026-01-15 20:11:41 
AF 176 250.8 -58.1 250.8 -58.1 1.17E-04 001.4 286.0 -58.6 0.223371 0.200463 0.056595 shoemake 2026-01-15 20:13:58 
AF 202 072.8 -70.4 072.8 -70.4 1.06E-04 001.4 036.8 -57.7 0.152057 0.191195 0.087421 shoemake 2026-01-15 20:16:14 
AF 232 156.8 -39.1 156.8 -39.1 8.76E-05 001.2 145.6 -57.7 0.124447 0.129295 0.102336 shoemake 2026-01-15 20:18:31 
AF 267 225.6 -44.9 225.6 -44.9 7.78E-05 005.5 247.8 -56.7 0.700677 0.288885 0.062241 shoemake 2026-01-15 20:20:48 
AF 308 282.3 -67.9 282.3 -67.9 6.65E-05 001.6 318.0 -56.7 0.129145 0.129984 0.040597 shoemake 2026-01-15 20:23:04 
AF 354 101.9 -62.8 101.9 -62.8 5.34E-05 001.7 062.9 -59.9 0.089168 0.113379 0.060929 shoemake 2026-01-15 20:25:21 
AF 407 183.0 -40.5 183.0 -40.5 5.16E-05 002.3 185.2 -61.4 0.106361 0.174689 0.063126 shoemake 2026-01-15 20:27:38 
AF 468 239.8 -46.5 239.8 -46.5 4.76E-05 001.4 264.2 -53.2 0.090499 0.088398 0.004866 shoemake 2026-01-15 20:29:56 
AF 538 347.3 -82.7 347.3 -82.7 3.94E-05 001.7 356.7 -61.9 0.078356 0.083791 0.031495 shoemake 2026-01-15 20:32:13 
AF 619 133.5 -40.8 133.5 -40.8 3.76E-05 001.6 115.0 -52.9 0.058716 0.071488 0.053388 shoemake 2026-01-15 20:34:31 
AF 712 209.6 -46.0 209.6 -46.0 2.82E-05 005.2 228.8 -62.6 0.225205 0.120937 0.049741 shoemake 2026-01-15 20:36:50 
AF 819 276.3 -62.6 276.3 -62.6 2.37E-05 002.7 308.8 -54.1 0.084047 0.081646 0.010833 shoemake 2026-01-15 20:39:10 
AF 940 092.3 -61.0 092.3 -61.0 2.15E-05 002.9 058.8 -55.5 0.072084 0.082502 0.026529 shoemake 2026-01-15 20:41:32 
AFmax0 275.7  22.6 275.7  22.6 4.37E-06 012.6 267.0  23.2 0.095429 0.076775 0.004830 shoemake 2026-01-15 20:43:52 
ARM    225.1  25.5 225.1  25.5 4.54E-06 009.7 220.8  10.1 0.073789 0.070416 0.016319 shoemake 2026-01-15 20:45:29 
ARM  1 000.9  68.3 000.9  68.3 9.32E-04 001.5 031.4  89.2 1.740103 1.778055 0.999687 shoemake 2026-01-15 20:47:11 
ARM  2 001.6  68.2 001.6  68.2 1.73E-03 001.5 042.3  89.0 3.229455 3.288155 1.784189 shoemake 2026-01-15 20:48:52 
ARM  3 001.3  68.2 001.3  68.2 2.42E-03 001.5 036.1  89.0 4.458493 4.577287 2.416912 shoemake 2026-01-15 20:50:33 
ARM  4 001.1  68.1 001.1  68.1 3.06E-03 001.5 031.2  89.0 5.676518 5.819214 2.963601 shoemake 2026-01-15 20:52:15 
ARM  5 001.1  68.2 001.1  68.2 3.67E-03 001.5 033.1  89.1 6.781141 6.976011 3.503531 shoemake 2026-01-15 20:53:56 
ARM  6 001.0  68.2 001.0  68.2 4.26E-03 001.5 029.9  89.1 7.875650 8.082473 3.962079 shoemake 2026-01-15 20:55:38 
ARM  7 001.0  68.2 001.0  68.2 4.82E-03 001.5 031.1  89.0 8.938481 9.185823 4.421983 shoemake 2026-01-15 20:57:19 
ARM  8 000.9  68.2 000.9  68.2 5.37E-03 001.5 028.8  89.1 9.915662 10.20425 4.868729 shoemake 2026-01-15 20:59:01 
ARM  9 001.0  68.1 001.0  68.1 5.90E-03 001.5 029.0  89.0 10.92508 11.22781 5.305224 shoemake 2026-01-15 21:00:42 
ARM 10 001.0  68.1 001.0  68.1 6.43E-03 001.5 028.3  89.0 11.87967 12.22014 5.754195 shoemake 2026-01-15 21:02:23 
AFz 16 001.0  68.1 001.0  68.1 5.71E-03 001.5 028.3  89.0 10.54647 10.82466 5.435069 shoemake 2026-01-15 21:04:01 
AFz 32 001.1  68.0 001.1  68.0 5.27E-03 001.5 028.2  88.9 9.699049 9.980521 5.141359 shoemake 2026-01-15 21:05:40 
AFz 50 001.2  68.0 001.2  68.0 4.77E-03 001.5 028.5  88.9 8.834634 9.044915 4.735997 shoemake 2026-01-15 21:07:18 
AFz 66 001.2  67.9 001.2  67.9 4.35E-03 001.5 028.3  88.8 8.043926 8.231190 4.397834 shoemake 2026-01-15 21:08:56 
AFz 87 001.3  67.9 001.3  67.9 3.84E-03 001.5 028.8  88.7 7.100159 7.253570 3.995115 shoemake 2026-01-15 21:10:35 
AFz115 001.5  67.8 001.5  67.8 3.26E-03 001.5 028.2  88.6 6.038756 6.148437 3.526345 shoemake 2026-01-15 21:12:14 
AFz133 001.5  67.7 001.5  67.7 2.95E-03 001.5 028.3  88.5 5.465832 5.550976 3.252657 shoemake 2026-01-15 21:13:52 
AFz153 001.5  67.6 001.5  67.6 2.66E-03 001.5 026.7  88.4 4.927467 5.006597 3.008568 shoemake 2026-01-15 21:15:31 
AFz176 001.7  67.6 001.7  67.6 2.37E-03 001.5 028.9  88.4 4.400817 4.461518 2.761418 shoemake 2026-01-15 21:17:11 
AFz202 001.8  67.5 001.8  67.5 2.09E-03 001.5 028.3  88.3 3.882515 3.925398 2.502641 shoemake 2026-01-15 21:18:49 
AFz232 001.9  67.4 001.9  67.4 1.82E-03 001.5 027.7  88.2 3.381126 3.415094 2.254248 shoemake 2026-01-15 21:20:27 
AFz267 001.7  67.3 001.7  67.3 1.55E-03 001.5 024.8  88.2 2.884272 2.910203 1.990758 shoemake 2026-01-15 21:22:06 
AFz308 002.1  67.2 002.1  67.2 1.31E-03 001.5 026.8  88.0 2.436589 2.444977 1.733225 shoemake 2026-01-15 21:23:45 
AFz354 002.0  67.0 002.0  67.0 1.10E-03 001.5 024.2  87.8 2.052545 2.055155 1.502312 shoemake 2026-01-15 21:25:22 
AFz407 002.5  67.2 002.5  67.2 9.21E-04 001.5 030.5  87.9 1.712380 1.722378 1.289664 shoemake 2026-01-15 21:27:01 
AFz468 002.4  67.1 002.4  67.1 7.54E-04 001.5 029.9  87.9 1.421209 1.421805 1.080635 shoemake 2026-01-15 21:28:39 
AFz538 002.0  67.1 002.0  67.1 6.02E-04 001.5 025.7  87.9 1.136166 1.137228 0.880193 shoemake 2026-01-15 21:30:18 
AFz619 001.7  66.8 001.7  66.8 4.57E-04 001.5 019.3  87.6 0.866022 0.864620 0.670090 shoemake 2026-01-15 21:31:56 
AFz712 002.0  67.8 002.0  67.8 3.14E-04 001.5 035.7  88.5 0.602236 0.599965 0.463393 shoemake 2026-01-15 21:33:35 
AFz819 003.5  67.5 003.5  67.5 1.90E-04 001.6 045.0  88.0 0.385184 0.391695 0.284268 shoemake 2026-01-15 21:35:13 
AFz942 353.7  66.9 353.7  66.9 6.89E-05 002.1 310.6  86.9 0.172127 0.177269 0.104669 shoemake 2026-01-15 21:36:51 
AFz083 013.4  20.1 013.4  20.1 1.98E-06 028.8 017.0  40.4 0.082187 0.087973 0.012342 shoemake 2026-01-15 21:38:29 
AFz246 070.9 -72.2 070.9 -72.2 2.01E-06 027.0 033.8 -58.6 0.071592 0.076546 0.007290 shoemake 2026-01-15 21:40:07 
AFz433 250.6 -07.4 250.6 -07.4 5.63E-06 007.2 254.7 -13.7 0.067082 0.072941 0.010604 shoemake 2026-01-15 21:41:45 
AFz648 075.4  60.4 075.4  60.4 5.76E-06 010.4 112.4  58.8 0.081733 0.076618 0.006677 shoemake 2026-01-15 21:43:23 
AFz895 199.2  07.8 199.2  07.8 7.15E-06 005.4 199.7 -12.0 0.062810 0.068344 0.003616 shoemake 2026-01-15 21:45:02 
AFz179 257.2 -01.0 257.2 -01.0 6.52E-06 005.3 258.7 -05.4 0.062465 0.061974 0.004843 shoemake 2026-01-15 21:46:40 
AFz506 205.0 -51.2 205.0 -51.2 6.24E-06 008.9 227.1 -68.5 0.070740 0.071195 0.011155 shoemake 2026-01-15 21:48:19 
AFz882 173.7 -40.8 173.7 -40.8 2.62E-06 020.6 170.4 -61.6 0.069269 0.074256 0.002489 shoemake 2026-01-15 21:49:58 
AFz314 330.1 -61.7 330.1 -61.7 4.03E-06 012.6 341.5 -42.4 0.073567 0.076132 0.005183 shoemake 2026-01-15 21:51:37 
AFz812 263.7 -32.9 263.7 -32.9 6.10E-06 008.4 277.7 -32.5 0.078007 0.079107 0.004419 shoemake 2026-01-15 21:53:17 
AFmax0 317.4  03.5 317.4  03.5 2.33E-06 021.4 314.8  18.7 0.076743 0.079960 0.016687 shoemake 2026-01-15 21:55:36 
IRMz   318.5  04.8 318.5  04.8 2.32E-06 020.6 315.6  20.3 0.074797 0.076416 0.015988 shoemake 2026-01-15 21:57:23 
AFmax0 004.0 -09.8 004.0 -09.8 4.12E-06 011.1 004.3  11.2 0.068881 0.080982 0.008612 shoemake 2026-01-15 21:59:43 
IRMz00 180.8 -68.6 180.8 -68.6 3.80E-02 001.5 227.2 -89.4 70.13718 73.38885 27.63223 shoemake 2026-01-15 22:01:36 
AFz 16 180.8 -68.6 180.8 -68.6 3.40E-02 001.5 226.7 -89.5 62.64487 65.40474 22.04143 shoemake 2026-01-15 22:03:14 
AFz 32 180.7 -68.6 180.7 -68.6 3.03E-02 001.5 225.8 -89.5 55.63655 58.28850 19.69029 shoemake 2026-01-15 22:04:52 
AFz 50 180.7 -68.6 180.7 -68.6 2.63E-02 001.5 225.9 -89.5 48.53718 50.68041 16.86267 shoemake 2026-01-15 22:06:31 
AFz 66 180.7 -68.6 180.7 -68.6 2.33E-02 001.5 225.1 -89.5 42.95508 44.79179 14.82049 shoemake 2026-01-15 22:08:10 
AFz 87 180.6 -68.7 180.6 -68.7 1.96E-02 001.5 223.6 -89.5 36.03897 37.78587 12.63329 shoemake 2026-01-15 22:09:48 
AFz115 180.6 -68.7 180.6 -68.7 1.57E-02 001.5 224.2 -89.6 28.97000 30.20948 9.850688 shoemake 2026-01-15 22:11:26 
AFz133 180.5 -68.7 180.5 -68.7 1.36E-02 001.5 223.9 -89.6 25.17253 26.22797 8.530454 shoemake 2026-01-15 22:13:04 
AFz153 180.4 -68.7 180.4 -68.7 1.17E-02 001.5 222.2 -89.6 21.52506 22.50163 7.273338 shoemake 2026-01-15 22:14:42 
AFz176 180.4 -68.7 180.4 -68.7 9.86E-03 001.5 221.0 -89.6 18.11684 18.93365 6.178450 shoemake 2026-01-15 22:16:20 
AFz202 180.3 -68.8 180.3 -68.8 8.15E-03 001.5 222.4 -89.7 15.02963 15.63701 5.002074 shoemake 2026-01-15 22:17:58 
AFz232 180.1 -68.8 180.1 -68.8 6.56E-03 001.5 216.1 -89.8 12.08607 12.57098 4.001012 shoemake 2026-01-15 22:19:35 
AFz267 180.1 -68.8 180.1 -68.8 5.09E-03 001.5 219.3 -89.8 9.387895 9.759091 3.082052 shoemake 2026-01-15 22:21:13 
AFz308 179.9 -68.9 179.9 -68.9 3.90E-03 001.5 211.0 -89.9 7.151665 7.472652 2.351378 shoemake 2026-01-15 22:22:50 
AFz354 179.8 -68.9 179.8 -68.9 2.97E-03 001.5 223.0 -89.9 5.457808 5.672542 1.768059 shoemake 2026-01-15 22:24:28 
AFz407 179.7 -69.0 179.7 -69.0 2.25E-03 001.5 331.6 -90.0 4.134227 4.300329 1.329266 shoemake 2026-01-15 22:26:06 
AFz468 179.3 -69.1 179.3 -69.1 1.66E-03 001.5 062.6 -89.8 3.050286 3.164330 0.989668 shoemake 2026-01-15 22:27:45 
AFz538 179.5 -69.1 179.5 -69.1 1.20E-03 001.5 025.6 -89.9 2.199730 2.284279 0.712591 shoemake 2026-01-15 22:29:24 
AFz619 179.0 -69.5 179.0 -69.5 8.17E-04 001.5 027.4 -89.5 1.485801 1.537499 0.507057 shoemake 2026-01-15 22:31:02 
AFz712 177.8 -69.2 177.8 -69.2 5.09E-04 001.5 074.8 -89.3 0.905243 0.946932 0.320402 shoemake 2026-01-15 22:32:41 
AFz819 175.1 -70.2 175.1 -70.2 2.70E-04 001.5 051.2 -88.0 0.478897 0.494254 0.174935 shoemake 2026-01-15 22:34:19 
AFz942 174.1 -67.5 174.1 -67.5 8.94E-05 001.4 122.8 -87.4 0.150977 0.159162 0.054427 shoemake 2026-01-15 22:35:57 
AFz083 184.0 -72.6 184.0 -72.6 3.03E-05 001.9 340.6 -86.1 0.067877 0.071848 0.011625 shoemake 2026-01-15 22:37:35 
AFz246 106.1 -76.5 106.1 -76.5 1.58E-05 003.7 038.0 -68.7 0.064580 0.076368 0.026248 shoemake 2026-01-15 22:39:13 
AFz433 129.6 -50.3 129.6 -50.3 1.24E-05 004.5 102.3 -59.9 0.070349 0.070353 0.013298 shoemake 2026-01-15 22:40:52 
AFz648 191.0 -76.2 191.0 -76.2 5.63E-06 009.7 340.0 -82.1 0.065384 0.070746 0.020926 shoemake 2026-01-15 22:42:31 
AFz895 152.0 -78.3 152.0 -78.3 1.17E-05 004.8 027.2 -78.1 0.067360 0.073113 0.006999 shoemake 2026-01-15 22:44:10 
AFz179 059.8 -47.2 059.8 -47.2 3.53E-06 015.5 045.5 -34.3 0.075368 0.080047 0.012281 shoemake 2026-01-15 22:45:49 
AFz506 341.8 -51.2 341.8 -51.2 4.58E-06 011.4 347.0 -30.9 0.075113 0.078677 0.005741 shoemake 2026-01-15 22:47:28 
AFz882 203.3 -69.8 203.3 -69.8 6.80E-06 008.4 286.4 -81.7 0.070816 0.072281 0.009533 shoemake 2026-01-15 22:49:07 
AFz314 189.3 -53.8 189.3 -53.8 5.42E-06 010.4 201.2 -74.2 0.071757 0.070549 0.001555 shoemake 2026-01-15 22:50:48 
AFz812 086.5 -79.7 086.5 -79.7 5.77E-06 009.8 026.4 -66.2 0.070924 0.074005 0.008414 shoemake 2026-01-15 22:52:28 
AFmax0 283.7 -15.2 283.7 -15.2 4.05E-06 010.1 288.4 -09.3 0.069048 0.077106 0.006776 shoemake 2026-01-15 22:54:48 
IRMz   283.4 -14.2 283.4 -14.2 4.01E-06 010.2 287.8 -08.5 0.069179 0.075630 0.008611 shoemake 2026-01-15 22:56:35 
AFmax0 305.7  09.6 305.7  09.6 2.19E-06 030.3 301.1  21.3 0.098968 0.094727 0.010349 shoemake 2026-01-15 22:58:56 
IRMz57 008.7  61.7 008.7  61.7 7.10E-08 044.0 031.3  81.7 0.005319 0.004463 0.000076 shoemake 2026-01-15 23:00:56 
IRMz76 023.7  52.8 023.7  52.8 3.54E-08 067.7 046.9  70.2 0.005921 0.005133 0.000116 shoemake 2026-01-15 23:02:58 
IRMz00 087.4 -62.7 087.4 -62.7 8.88E-09 082.1 053.8 -54.9 0.004949 0.003905 0.000139 shoemake 2026-01-15 23:04:45 
IRMz33 168.5 -65.6 168.5 -65.6 1.25E-07 026.0 123.2 -84.4 0.004981 0.003440 0.000340 shoemake 2026-01-15 23:06:33 
IRMz53 172.7 -65.7 172.7 -65.7 1.93E-07 018.2 137.6 -85.7 0.005168 0.003650 0.000422 shoemake 2026-01-15 23:08:20 
IRMz76 175.6 -67.3 175.6 -67.3 2.77E-07 013.2 136.0 -87.7 0.005227 0.003808 0.000485 shoemake 2026-01-15 23:10:09 
IRMz02 177.0 -68.0 177.0 -68.0 3.76E-07 009.9 133.2 -88.6 0.005224 0.003968 0.000628 shoemake 2026-01-15 23:11:58 
IRMz32 175.9 -67.5 175.9 -67.5 5.01E-07 008.6 135.2 -87.9 0.005951 0.004659 0.000722 shoemake 2026-01-15 23:13:48 
IRMz67 177.9 -67.6 177.9 -67.6 6.48E-07 009.1 154.4 -88.4 0.007774 0.006778 0.000928 shoemake 2026-01-15 23:15:37 
IRMz08 179.2 -67.5 179.2 -67.5 8.37E-07 008.7 172.2 -88.5 0.009359 0.008584 0.001127 shoemake 2026-01-15 23:17:28 
IRMz54 179.3 -67.8 179.3 -67.8 1.05E-06 007.6 173.2 -88.7 0.010314 0.009385 0.001371 shoemake 2026-01-15 23:19:19 
IRMz07 179.4 -67.9 179.4 -67.9 1.30E-06 008.7 174.6 -88.9 0.013993 0.013927 0.001642 shoemake 2026-01-15 23:21:10 
IRMz68 179.4 -67.9 179.4 -67.9 1.58E-06 008.1 173.3 -88.9 0.015968 0.015928 0.001868 shoemake 2026-01-15 23:23:01 
IRMz38 179.7 -67.8 179.7 -67.8 1.92E-06 008.3 179.8 -88.8 0.019918 0.019635 0.002247 shoemake 2026-01-15 23:24:54 
IRMz19 180.0 -67.9 180.0 -67.9 2.27E-06 008.5 185.4 -88.9 0.024073 0.023879 0.002663 shoemake 2026-01-15 23:26:47 
IRMz12 180.3 -68.1 180.3 -68.1 2.64E-06 008.8 194.1 -89.0 0.029251 0.028204 0.003063 shoemake 2026-01-15 23:28:39 
IRMz19 179.8 -68.1 179.8 -68.1 3.04E-06 008.8 182.6 -89.1 0.032781 0.033325 0.003479 shoemake 2026-01-15 23:30:32 
IRMz42 179.9 -68.1 179.9 -68.1 3.44E-06 008.9 184.5 -89.1 0.038012 0.038354 0.003802 shoemake 2026-01-15 23:32:24 
IRMz83 180.2 -68.1 180.2 -68.1 3.81E-06 009.1 192.3 -89.1 0.042471 0.043591 0.004241 shoemake 2026-01-15 23:34:17 
IRMz46 179.9 -68.1 179.9 -68.1 4.15E-06 009.5 185.8 -89.1 0.048344 0.049329 0.004534 shoemake 2026-01-15 23:36:10 
IRMz33 180.1 -68.2 180.1 -68.2 4.46E-06 009.5 190.4 -89.2 0.052636 0.053200 0.004803 shoemake 2026-01-15 23:38:03 
IRMz48 180.2 -68.2 180.2 -68.2 4.71E-06 009.9 193.3 -89.1 0.057766 0.057830 0.004977 shoemake 2026-01-15 23:39:55 
IRMz95 179.8 -68.1 179.8 -68.1 4.94E-06 010.1 182.3 -89.1 0.061338 0.062125 0.005059 shoemake 2026-01-15 23:41:48 
IRMz79 180.0 -68.2 180.0 -68.2 5.11E-06 010.5 188.2 -89.2 0.066358 0.067380 0.005191 shoemake 2026-01-15 23:43:40 
IRMz06 179.9 -68.2 179.9 -68.2 5.27E-06 010.6 186.0 -89.2 0.068712 0.070284 0.005217 shoemake 2026-01-15 23:45:32 
IRMz82 180.2 -68.2 180.2 -68.2 5.39E-06 010.6 192.4 -89.1 0.070833 0.072297 0.005299 shoemake 2026-01-15 23:47:25 
IRMz14 180.0 -68.2 180.0 -68.2 5.50E-06 010.9 188.2 -89.2 0.074251 0.075713 0.005310 shoemake 2026-01-15 23:49:17 
IRMz12 179.9 -68.2 179.9 -68.2 5.59E-06 011.2 186.2 -89.2 0.077774 0.078350 0.005287 shoemake 2026-01-15 23:51:10 
IRMz83 179.9 -68.2 179.9 -68.2 5.66E-06 011.2 186.7 -89.2 0.078857 0.079782 0.005351 shoemake 2026-01-15 23:53:04 
IRMz41 179.8 -68.2 179.8 -68.2 5.71E-06 011.4 183.5 -89.2 0.080868 0.081367 0.005326 shoemake 2026-01-15 23:55:01 
IRMz97 179.9 -68.2 179.9 -68.2 5.74E-06 011.4 186.0 -89.1 0.080940 0.082383 0.005460 shoemake 2026-01-15 23:57:00 
IRMz67 180.1 -68.2 180.1 -68.2 5.76E-06 011.4 189.0 -89.2 0.081368 0.083283 0.005379 shoemake 2026-01-15 23:59:01 
IRMz67 180.0 -68.2 180.0 -68.2 5.78E-06 011.6 187.1 -89.2 0.083050 0.083684 0.005425 shoemake 2026-01-16 00:02:39 
IRMz17 180.0 -68.2 180.0 -68.2 5.79E-06 011.6 187.9 -89.2 0.082872 0.084862 0.005430 shoemake 2026-01-16 00:06:17 
IRMz00 179.9 -68.2 179.9 -68.2 5.81E-06 011.6 184.3 -89.2 0.083375 0.084592 0.005415 shoemake 2026-01-16 00:09:55 
AFz 16 180.0 -68.3 180.0 -68.3 5.67E-06 011.6 189.9 -89.3 0.081252 0.083356 0.005285 shoemake 2026-01-16 00:11:34 
AFz 32 179.9 -68.3 179.9 -68.3 5.52E-06 011.8 187.7 -89.3 0.080840 0.081239 0.005077 shoemake 2026-01-16 00:13:14 
AFz 50 180.1 -68.4 180.1 -68.4 5.33E-06 011.9 194.8 -89.4 0.078482 0.079798 0.004891 shoemake 2026-01-16 00:14:53 
AFz 66 179.9 -68.5 179.9 -68.5 5.17E-06 012.0 189.2 -89.5 0.076968 0.078354 0.004586 shoemake 2026-01-16 00:16:33 
AFz 87 179.8 -68.5 179.8 -68.5 4.96E-06 012.2 185.2 -89.5 0.074888 0.076386 0.004294 shoemake 2026-01-16 00:18:12 
AFz115 180.1 -68.5 180.1 -68.5 4.69E-06 012.2 195.6 -89.4 0.071269 0.072386 0.004073 shoemake 2026-01-16 00:19:52 
AFz133 179.8 -68.5 179.8 -68.5 4.52E-06 012.4 184.9 -89.5 0.069942 0.070559 0.003830 shoemake 2026-01-16 00:21:32 
AFz153 179.9 -68.5 179.9 -68.5 4.35E-06 012.5 186.0 -89.4 0.066707 0.068934 0.003649 shoemake 2026-01-16 00:23:12 
AFz176 179.8 -68.5 179.8 -68.5 4.14E-06 012.6 186.3 -89.5 0.064553 0.065595 0.003448 shoemake 2026-01-16 00:24:52 
AFz202 179.7 -68.5 179.7 -68.5 3.91E-06 012.9 181.5 -89.5 0.063323 0.063279 0.003235 shoemake 2026-01-16 00:26:32 
AFz232 179.7 -68.5 179.7 -68.5 3.66E-06 013.1 178.7 -89.5 0.059315 0.060395 0.002901 shoemake 2026-01-16 00:28:12 
AFz267 180.0 -68.5 180.0 -68.5 3.37E-06 013.5 194.2 -89.5 0.056959 0.056882 0.002633 shoemake 2026-01-16 00:29:51 
AFz308 179.6 -68.6 179.6 -68.6 3.07E-06 013.7 172.2 -89.6 0.051953 0.053419 0.002244 shoemake 2026-01-16 00:31:31 
AFz354 179.5 -68.6 179.5 -68.6 2.77E-06 014.1 169.1 -89.6 0.048313 0.049717 0.001988 shoemake 2026-01-16 00:33:10 
AFz407 179.4 -68.8 179.4 -68.8 2.48E-06 014.3 156.8 -89.7 0.044114 0.045285 0.001710 shoemake 2026-01-16 00:34:50 
AFz468 179.3 -68.8 179.3 -68.8 2.19E-06 014.8 147.6 -89.7 0.040567 0.040936 0.001458 shoemake 2026-01-16 00:36:29 
AFz538 179.0 -68.8 179.0 -68.8 1.92E-06 015.2 123.4 -89.7 0.036404 0.036994 0.001251 shoemake 2026-01-16 00:38:09 
AFz619 179.7 -68.8 179.7 -68.8 1.67E-06 016.1 181.5 -89.8 0.033437 0.034325 0.001074 shoemake 2026-01-16 00:39:49 
AFz712 179.7 -69.0 179.7 -69.0 1.42E-06 016.7 032.9 -90.0 0.030346 0.029628 0.000894 shoemake 2026-01-16 00:41:29 
AFz819 178.5 -69.1 178.5 -69.1 1.22E-06 017.3 071.1 -89.5 0.026520 0.027113 0.000705 shoemake 2026-01-16 00:43:08 
AFz942 179.9 -69.4 179.9 -69.4 1.04E-06 017.4 351.5 -89.6 0.023186 0.022567 0.000561 shoemake 2026-01-16 00:44:48 
AFz083 179.1 -69.8 179.1 -69.8 8.77E-07 017.6 015.2 -89.2 0.019144 0.019991 0.000540 shoemake 2026-01-16 00:46:28 
AFz246 179.2 -69.5 179.2 -69.5 7.29E-07 018.5 018.5 -89.4 0.017888 0.016364 0.000499 shoemake 2026-01-16 00:48:08 
AFz433 177.8 -69.8 177.8 -69.8 6.04E-07 017.2 038.6 -89.0 0.013386 0.012886 0.000430 shoemake 2026-01-16 00:49:47 
AFz648 181.4 -69.6 181.4 -69.6 4.84E-07 019.2 315.8 -89.1 0.012169 0.011520 0.000339 shoemake 2026-01-16 00:51:27 
AFz895 182.2 -70.5 182.2 -70.5 3.79E-07 018.4 331.8 -88.2 0.008995 0.008734 0.000241 shoemake 2026-01-16 00:53:06 
AFz179 178.6 -70.5 178.6 -70.5 2.83E-07 019.3 013.7 -88.5 0.007406 0.006460 0.000219 shoemake 2026-01-16 00:54:46 
AFz506 183.7 -73.8 183.7 -73.8 1.80E-07 024.9 347.1 -85.0 0.006382 0.005309 0.000152 shoemake 2026-01-16 00:56:26 
AFz882 192.9 -71.0 192.9 -71.0 1.03E-07 032.9 299.7 -85.0 0.005123 0.004247 0.000191 shoemake 2026-01-16 00:58:06 
AFz314 196.9 -81.3 196.9 -81.3 3.71E-08 057.9 348.5 -76.9 0.004777 0.003595 0.000135 shoemake 2026-01-16 00:59:47 
AFz812 355.0  53.1 355.0  53.1 4.21E-08 055.2 349.9  73.8 0.005093 0.003847 0.000123 shoemake 2026-01-16 01:01:28 
AFmax0 002.8  62.8 002.8  62.8 7.10E-08 042.0 013.0  83.6 0.005218 0.004216 0.000115 shoemake 2026-01-16 01:03:49 
NRM    231.7  31.6 231.7  31.6 2.20E-06 019.5 224.8  17.5 0.068669 0.064663 0.007509 shoemake 2026-01-17 14:41:25 
AF  16 274.0  07.4 274.0  07.4 2.12E-06 017.7 271.4  08.5 0.066921 0.057768 0.008040 shoemake 2026-01-17 14:43:40 
AF  32 340.7 -07.2 340.7 -07.2 2.23E-06 018.4 340.6  12.7 0.065788 0.065690 0.006959 shoemake 2026-01-17 14:45:57 
AF  50 081.9  09.3 081.9  09.3 1.38E-06 028.6 086.0  11.5 0.063552 0.055761 0.004586 shoemake 2026-01-17 14:48:14 
AF  66 194.5 -16.9 194.5 -16.9 1.21E-06 031.3 197.8 -37.0 0.058196 0.060590 0.003288 shoemake 2026-01-17 14:50:31 
AF  87 236.6 -42.6 236.6 -42.6 4.74E-06 010.2 257.9 -50.9 0.082134 0.043426 0.007049 shoemake 2026-01-17 14:52:48 
AF 115 308.0 -58.2 308.0 -58.2 3.34E-06 013.9 325.8 -42.5 0.065311 0.067043 0.005391 shoemake 2026-01-17 14:55:05 
AF 133 065.8 -25.1 065.8 -25.1 5.30E-06 006.8 059.1 -15.3 0.060374 0.055909 0.006231 shoemake 2026-01-17 14:57:22 
AF 153 139.5  02.5 139.5  02.5 5.68E-06 005.5 138.4 -13.5 0.052922 0.055303 0.005800 shoemake 2026-01-17 14:59:40 
AF 176 215.6  29.1 215.6  29.1 6.27E-06 008.0 211.6  11.5 0.102073 0.040068 0.009077 shoemake 2026-01-17 15:01:57 
AF 202 245.5 -18.3 245.5 -18.3 3.80E-06 010.2 253.8 -25.7 0.067623 0.058488 0.006339 shoemake 2026-01-17 15:04:14 
AF 232 354.5 -30.6 354.5 -30.6 6.64E-06 005.4 355.4 -09.7 0.063521 0.061208 0.006733 shoemake 2026-01-17 15:06:31 
AF 267 159.4 -72.7 159.4 -72.7 4.56E-06 010.3 051.9 -82.4 0.059131 0.058183 0.008909 shoemake 2026-01-17 15:08:49 
AF 308 282.9 -69.7 282.9 -69.7 3.69E-06 013.4 320.5 -57.9 0.068375 0.063130 0.007870 shoemake 2026-01-17 15:11:07 
AF 354 174.5 -52.0 174.5 -52.0 4.80E-06 011.2 169.1 -72.8 0.068090 0.066320 0.010850 shoemake 2026-01-17 15:13:24 
AF 407 070.7 -22.5 070.7 -22.5 3.36E-06 012.6 064.5 -14.4 0.073389 0.061094 0.008240 shoemake 2026-01-17 15:15:42 
AF 468 146.0 -76.4 146.0 -76.4 7.14E-06 006.3 038.4 -77.8 0.052081 0.060170 0.003850 shoemake 2026-01-17 15:18:00 
AF 538 340.1 -06.7 340.1 -06.7 5.70E-06 010.5 340.0  13.1 0.070507 0.094240 0.005886 shoemake 2026-01-17 15:20:18 
AF 619 017.6 -33.2 017.6 -33.2 7.73E-06 003.8 015.3 -13.0 0.063402 0.048816 0.010314 shoemake 2026-01-17 15:22:37 
AF 712 333.4 -43.9 333.4 -43.9 2.13E-06 019.3 339.5 -24.6 0.064822 0.065918 0.002857 shoemake 2026-01-17 15:24:56 
AF 819 197.5 -26.3 197.5 -26.3 4.22E-06 010.7 203.3 -46.0 0.063596 0.064747 0.003364 shoemake 2026-01-17 15:27:17 
AF 940 353.5  65.0 353.5  65.0 2.00E-06 027.2 325.5  85.3 0.070765 0.073639 0.003901 shoemake 2026-01-17 15:29:39 
AFmax0 217.7 -61.5 217.7 -61.5 2.54E-06 019.0 263.0 -72.8 0.066908 0.060035 0.009380 shoemake 2026-01-17 15:32:00 
ARM    167.2 -30.4 167.2 -30.4 7.75E-06 005.7 162.9 -50.7 0.058812 0.059055 0.006830 shoemake 2026-01-17 15:33:38 
ARM  1 359.7  67.9 359.7  67.9 9.34E-04 001.5 359.7  88.9 1.717112 1.792562 0.922174 shoemake 2026-01-17 15:35:20 
ARM  2 359.5  68.2 359.5  68.2 1.72E-03 001.5 354.7  89.2 3.149123 3.278386 1.658934 shoemake 2026-01-17 15:37:02 
ARM  3 360.0  68.1 360.0  68.1 2.42E-03 001.5 006.7  89.1 4.434201 4.606849 2.719904 shoemake 2026-01-17 15:38:43 
ARM  4 359.9  68.0 359.9  68.0 3.04E-03 001.5 004.7  89.0 5.568162 5.784556 2.781612 shoemake 2026-01-17 15:40:25 
ARM  5 000.0  68.0 000.0  68.0 3.67E-03 001.5 007.5  89.0 6.724675 6.991996 3.299462 shoemake 2026-01-17 15:42:07 
ARM  6 000.4  68.1 000.4  68.1 4.24E-03 001.5 015.3  89.1 7.773412 8.076142 3.752480 shoemake 2026-01-17 15:43:49 
ARM  7 000.3  68.1 000.3  68.1 4.81E-03 001.5 015.0  89.1 8.838301 9.185567 4.199354 shoemake 2026-01-17 15:45:31 
ARM  8 000.2  68.1 000.2  68.1 5.37E-03 001.5 012.8  89.1 9.842489 10.22263 4.635563 shoemake 2026-01-17 15:47:13 
ARM  9 000.3  68.2 000.3  68.2 5.90E-03 001.5 014.7  89.2 10.83416 11.23174 4.996044 shoemake 2026-01-17 15:48:55 
ARM 10 000.4  68.2 000.4  68.2 6.42E-03 001.5 017.1  89.1 11.79824 12.24261 5.477147 shoemake 2026-01-17 15:50:38 
AFz 16 000.3  68.1 000.3  68.1 5.71E-03 001.5 014.9  89.1 10.47116 10.86095 4.561587 shoemake 2026-01-17 15:52:17 
AFz 32 000.3  68.1 000.3  68.1 5.27E-03 001.5 013.7  89.1 9.642387 10.02119 4.244654 shoemake 2026-01-17 15:53:57 
AFz 50 000.2  68.1 000.2  68.1 4.77E-03 001.5 011.7  89.0 8.734001 9.086461 3.905106 shoemake 2026-01-17 15:55:36 
AFz 66 000.1  68.0 000.1  68.0 4.35E-03 001.5 009.4  89.0 7.962577 8.280659 3.646964 shoemake 2026-01-17 15:57:15 
AFz 87 000.0  67.9 000.0  67.9 3.84E-03 001.5 007.0  88.9 7.013621 7.300616 3.271409 shoemake 2026-01-17 15:58:55 
AFz115 359.9  67.9 359.9  67.9 3.27E-03 001.5 004.0  88.9 5.949401 6.203746 2.881166 shoemake 2026-01-17 16:00:34 
AFz133 359.8  67.8 359.8  67.8 2.95E-03 001.5 002.6  88.8 5.378778 5.610788 2.658885 shoemake 2026-01-17 16:02:14 
AFz153 359.7  67.8 359.7  67.8 2.67E-03 001.5 359.9  88.8 4.838328 5.064774 2.454986 shoemake 2026-01-17 16:03:53 
AFz176 359.7  67.7 359.7  67.7 2.37E-03 001.5 359.3  88.7 4.311604 4.509217 2.250013 shoemake 2026-01-17 16:05:32 
AFz202 359.6  67.6 359.6  67.6 2.09E-03 001.5 357.7  88.6 3.805735 3.969672 2.024218 shoemake 2026-01-17 16:07:12 
AFz232 359.3  67.6 359.3  67.6 1.82E-03 001.5 354.0  88.6 3.312086 3.459279 1.819732 shoemake 2026-01-17 16:08:51 
AFz267 358.9  67.5 358.9  67.5 1.55E-03 001.5 348.8  88.5 2.814383 2.945212 1.585404 shoemake 2026-01-17 16:10:30 
AFz308 359.3  67.7 359.3  67.7 1.31E-03 001.5 352.9  88.6 2.374304 2.492781 1.391948 shoemake 2026-01-17 16:12:10 
AFz354 359.0  67.5 359.0  67.5 1.11E-03 001.5 350.5  88.5 2.011418 2.108510 1.208310 shoemake 2026-01-17 16:13:49 
AFz407 358.5  67.5 358.5  67.5 9.27E-04 001.5 342.8  88.4 1.685550 1.760942 1.026592 shoemake 2026-01-17 16:15:28 
AFz468 358.1  67.5 358.1  67.5 7.56E-04 001.5 337.9  88.4 1.373437 1.437661 0.868310 shoemake 2026-01-17 16:17:08 
AFz538 358.0  67.8 358.0  67.8 6.01E-04 001.5 330.8  88.7 1.095699 1.150445 0.699612 shoemake 2026-01-17 16:18:47 
AFz619 359.7  67.9 359.7  67.9 4.57E-04 001.5 000.3  88.9 0.835874 0.880271 0.542326 shoemake 2026-01-17 16:20:26 
AFz712 001.0  67.3 001.0  67.3 3.18E-04 001.5 016.8  88.3 0.598300 0.622483 0.371812 shoemake 2026-01-17 16:22:05 
AFz819 000.8  68.8 000.8  68.8 1.86E-04 001.6 061.8  89.5 0.355053 0.367127 0.227355 shoemake 2026-01-17 16:23:43 
AFz942 008.7  66.0 008.7  66.0 6.78E-05 001.9 053.5  85.5 0.158995 0.167834 0.085625 shoemake 2026-01-17 16:25:22 
AFz083 079.1  19.6 079.1  19.6 6.14E-06 006.7 087.4  22.0 0.066030 0.071495 0.004457 shoemake 2026-01-17 16:27:00 
AFz246 153.9  48.8 153.9  48.8 7.03E-06 005.3 160.8  29.3 0.059815 0.061793 0.016162 shoemake 2026-01-17 16:28:38 
AFz433 067.5  51.8 067.5  51.8 2.91E-06 016.7 096.4  54.8 0.064788 0.065023 0.005931 shoemake 2026-01-17 16:30:17 
AFz648 122.7 -28.1 122.7 -28.1 7.27E-06 006.3 110.7 -37.8 0.061905 0.063029 0.014787 shoemake 2026-01-17 16:31:55 
AFz895 142.7  34.6 142.7  34.6 4.44E-06 009.2 148.8  17.1 0.069718 0.066657 0.003370 shoemake 2026-01-17 16:33:34 
AFz179 141.3 -60.6 141.3 -60.6 4.50E-06 009.4 098.8 -72.0 0.055733 0.050213 0.006444 shoemake 2026-01-17 16:35:13 
AFz506 157.1  02.1 157.1  02.1 5.08E-06 007.2 156.2 -17.3 0.060502 0.056657 0.010612 shoemake 2026-01-17 16:36:52 
AFz882 179.6  82.5 179.6  82.5 2.56E-06 021.2 180.0  61.5 0.076808 0.072241 0.007235 shoemake 2026-01-17 16:38:31 
AFz314 006.7  59.8 006.7  59.8 2.52E-06 021.6 021.3  80.3 0.070176 0.070602 0.002313 shoemake 2026-01-17 16:40:10 
AFz812 152.2 -09.7 152.2 -09.7 4.03E-06 008.0 148.9 -28.1 0.054982 0.049496 0.001763 shoemake 2026-01-17 16:41:50 
AFmax0 225.3 -29.6 225.3 -29.6 3.63E-06 011.4 237.8 -42.7 0.071498 0.043185 0.005716 shoemake 2026-01-17 16:44:10 
IRMz   227.1 -28.7 227.1 -28.7 3.58E-06 010.7 239.3 -41.4 0.061225 0.049163 0.005400 shoemake 2026-01-17 16:45:58 
AFmax0 259.0 -64.9 259.0 -64.9 4.45E-06 010.5 301.1 -60.9 0.060181 0.056497 0.017844 shoemake 2026-01-17 16:48:19 
IRMz00 179.8 -68.3 179.8 -68.3 3.81E-02 001.5 183.5 -89.3 69.44264 72.05771 35.49811 shoemake 2026-01-17 16:50:12 
AFz 16 179.8 -68.3 179.8 -68.3 3.40E-02 001.5 184.2 -89.3 62.06576 64.35090 27.33194 shoemake 2026-01-17 16:51:51 
AFz 32 179.9 -68.4 179.9 -68.4 3.03E-02 001.5 185.8 -89.4 55.31197 57.33720 24.30709 shoemake 2026-01-17 16:53:29 
AFz 50 179.9 -68.4 179.9 -68.4 2.64E-02 001.5 186.6 -89.4 48.14989 50.08827 21.19883 shoemake 2026-01-17 16:55:07 
AFz 66 179.9 -68.4 179.9 -68.4 2.33E-02 001.5 188.4 -89.4 42.50053 44.15622 18.47269 shoemake 2026-01-17 16:56:46 
AFz 87 180.0 -68.4 180.0 -68.4 1.97E-02 001.5 190.1 -89.4 35.96022 37.37734 15.43859 shoemake 2026-01-17 16:58:24 
AFz115 180.1 -68.4 180.1 -68.4 1.57E-02 001.5 192.8 -89.4 28.64193 29.78552 12.18330 shoemake 2026-01-17 17:00:03 
AFz133 180.1 -68.4 180.1 -68.4 1.37E-02 001.5 194.7 -89.4 24.99293 25.97685 10.45078 shoemake 2026-01-17 17:01:42 
AFz153 180.2 -68.4 180.2 -68.4 1.18E-02 001.5 197.1 -89.4 21.38214 22.16475 8.896056 shoemake 2026-01-17 17:03:20 
AFz176 180.2 -68.5 180.2 -68.5 9.90E-03 001.5 199.9 -89.5 18.05930 18.76813 7.384700 shoemake 2026-01-17 17:04:59 
AFz202 180.3 -68.5 180.3 -68.5 8.17E-03 001.5 204.1 -89.5 14.87035 15.44979 5.976406 shoemake 2026-01-17 17:06:38 
AFz232 180.5 -68.5 180.5 -68.5 6.59E-03 001.5 211.8 -89.4 11.98678 12.48018 4.750911 shoemake 2026-01-17 17:08:17 
AFz267 180.6 -68.5 180.6 -68.5 5.11E-03 001.5 215.5 -89.4 9.343013 9.721051 3.587458 shoemake 2026-01-17 17:09:55 
AFz308 180.8 -68.6 180.8 -68.6 3.92E-03 001.5 222.6 -89.4 7.153201 7.435158 2.641923 shoemake 2026-01-17 17:11:34 
AFz354 181.0 -68.6 181.0 -68.6 2.98E-03 001.5 229.1 -89.4 5.445315 5.648834 1.935296 shoemake 2026-01-17 17:13:13 
AFz407 181.1 -68.6 181.1 -68.6 2.27E-03 001.5 231.4 -89.4 4.140373 4.301788 1.409394 shoemake 2026-01-17 17:14:51 
AFz468 181.7 -68.7 181.7 -68.7 1.67E-03 001.5 249.1 -89.2 3.037807 3.146165 0.989558 shoemake 2026-01-17 17:16:30 
AFz538 182.4 -68.8 182.4 -68.8 1.21E-03 001.5 258.1 -89.0 2.194056 2.279903 0.669684 shoemake 2026-01-17 17:18:09 
AFz619 182.0 -68.6 182.0 -68.6 8.22E-04 001.5 243.8 -89.1 1.485512 1.540063 0.444269 shoemake 2026-01-17 17:19:48 
AFz712 182.4 -68.8 182.4 -68.8 5.09E-04 001.5 257.2 -89.0 0.902654 0.935903 0.258255 shoemake 2026-01-17 17:21:28 
AFz819 181.4 -70.2 181.4 -70.2 2.71E-04 001.4 334.2 -88.7 0.477928 0.487277 0.117708 shoemake 2026-01-17 17:23:07 
AFz942 184.1 -68.3 184.1 -68.3 8.70E-05 001.3 250.0 -88.3 0.145593 0.144811 0.046576 shoemake 2026-01-17 17:24:46 
AFz083 181.1 -62.3 181.1 -62.3 2.79E-05 001.7 185.7 -83.3 0.063715 0.057053 0.019065 shoemake 2026-01-17 17:26:25 
AFz246 184.0 -67.8 184.0 -67.8 1.73E-05 002.8 235.4 -88.0 0.064181 0.057751 0.011974 shoemake 2026-01-17 17:28:05 
AFz433 238.4 -66.1 238.4 -66.1 1.22E-05 003.6 290.8 -68.3 0.058927 0.052609 0.013286 shoemake 2026-01-17 17:29:44 
AFz648 199.2 -56.0 199.2 -56.0 1.01E-05 004.5 223.8 -74.4 0.059860 0.054141 0.006581 shoemake 2026-01-17 17:31:22 
AFz895 040.2 -84.4 040.2 -84.4 7.74E-06 005.8 008.4 -64.5 0.056504 0.058780 0.008966 shoemake 2026-01-17 17:33:01 
AFz179 269.7 -82.1 269.7 -82.1 9.95E-06 004.4 338.7 -67.6 0.058233 0.055056 0.003256 shoemake 2026-01-17 17:34:41 
AFz506 227.1 -65.4 227.1 -65.4 7.96E-06 005.2 281.5 -71.8 0.058228 0.046095 0.004905 shoemake 2026-01-17 17:36:20 
AFz882 229.6 -39.7 229.6 -39.7 5.46E-06 007.5 248.3 -50.7 0.057545 0.053975 0.009974 shoemake 2026-01-17 17:38:00 
AFz314 324.4 -60.5 324.4 -60.5 4.65E-06 008.6 337.5 -42.0 0.059364 0.054819 0.005253 shoemake 2026-01-17 17:39:40 
AFz812 269.2 -59.9 269.2 -59.9 7.16E-06 005.5 301.4 -54.0 0.055727 0.052491 0.005969 shoemake 2026-01-17 17:41:21 
AFmax0 028.7 -38.1 028.7 -38.1 7.01E-06 005.4 023.8 -19.3 0.071291 0.060830 0.009808 shoemake 2026-01-17 17:43:42 
IRMz   028.4 -37.8 028.4 -37.8 7.01E-06 005.3 023.7 -18.9 0.069204 0.061669 0.010067 shoemake 2026-01-17 17:45:31 
AFmax0 219.7 -26.5 219.7 -26.5 8.03E-06 004.8 230.2 -41.5 0.057715 0.052072 0.004603 shoemake 2026-01-17 17:47:52 
IRMz57 181.0 -68.9 181.0 -68.9 2.36E-03 001.5 256.2 -89.5 4.384497 4.479182 3.234227 shoemake 2026-01-17 17:49:54 
IRMz76 180.9 -68.9 180.9 -68.9 3.87E-03 001.5 259.8 -89.6 7.197092 7.346909 3.882449 shoemake 2026-01-17 17:51:57 
IRMz00 180.7 -68.9 180.7 -68.9 5.34E-03 001.5 255.0 -89.6 9.990841 10.17424 4.816330 shoemake 2026-01-17 17:53:45 
IRMz33 180.6 -68.9 180.6 -68.9 9.47E-03 001.5 254.5 -89.7 17.73381 18.06865 7.648488 shoemake 2026-01-17 17:55:33 
IRMz53 180.6 -68.9 180.6 -68.9 1.16E-02 001.5 253.2 -89.6 21.74411 22.16121 9.487050 shoemake 2026-01-17 17:57:21 
IRMz76 180.6 -68.9 180.6 -68.9 1.41E-02 001.5 251.1 -89.7 26.45123 26.97941 11.06539 shoemake 2026-01-17 17:59:11 
IRMz02 180.6 -68.9 180.6 -68.9 1.67E-02 001.5 249.9 -89.7 31.24944 31.86479 12.84813 shoemake 2026-01-17 18:01:00 
IRMz32 180.6 -68.9 180.6 -68.9 1.94E-02 001.5 247.5 -89.7 36.37434 37.07357 14.81294 shoemake 2026-01-17 18:02:50 
IRMz67 180.5 -68.9 180.5 -68.9 2.23E-02 001.5 246.8 -89.7 41.77140 42.57210 17.18894 shoemake 2026-01-17 18:04:40 
IRMz08 180.5 -68.9 180.5 -68.9 2.52E-02 001.5 245.7 -89.7 47.18343 48.11294 19.41131 shoemake 2026-01-17 18:06:32 
IRMz54 180.5 -68.9 180.5 -68.9 2.77E-02 001.5 244.9 -89.7 51.85473 52.96427 21.29521 shoemake 2026-01-17 18:08:25 
IRMz07 180.5 -68.8 180.5 -68.8 3.01E-02 001.5 242.4 -89.7 56.39762 57.53483 23.16440 shoemake 2026-01-17 18:10:17 
IRMz68 180.5 -68.8 180.5 -68.8 3.22E-02 001.5 240.8 -89.7 60.32657 61.56847 24.55708 shoemake 2026-01-17 18:12:09 
IRMz38 180.5 -68.8 180.5 -68.8 3.40E-02 001.5 238.0 -89.7 63.81598 65.08312 25.93918 shoemake 2026-01-17 18:14:01 
IRMz19 180.5 -68.8 180.5 -68.8 3.55E-02 001.5 237.1 -89.7 66.38830 67.76076 27.30536 shoemake 2026-01-17 18:15:54 
IRMz12 180.4 -68.8 180.4 -68.8 3.66E-02 001.5 234.4 -89.7 68.44457 69.90513 28.45448 shoemake 2026-01-17 18:17:46 
IRMz19 180.4 -68.8 180.4 -68.8 3.75E-02 001.5 233.6 -89.7 70.20274 71.59964 29.14553 shoemake 2026-01-17 18:19:39 
IRMz42 180.4 -68.8 180.4 -68.8 3.81E-02 001.5 231.5 -89.7 71.36388 72.84630 29.78457 shoemake 2026-01-17 18:21:31 
IRMz83 180.4 -68.8 180.4 -68.8 3.86E-02 001.5 231.1 -89.7 72.36647 73.94498 30.12075 shoemake 2026-01-17 18:23:24 
IRMz46 180.4 -68.8 180.4 -68.8 3.90E-02 001.5 230.3 -89.7 73.08734 74.62231 30.45346 shoemake 2026-01-17 18:25:16 
IRMz33 180.4 -68.8 180.4 -68.8 3.93E-02 001.5 229.3 -89.7 73.63592 75.27066 30.48500 shoemake 2026-01-17 18:27:08 
IRMz48 180.4 -68.8 180.4 -68.8 3.95E-02 001.5 228.2 -89.7 74.14056 75.64302 31.28699 shoemake 2026-01-17 18:29:01 
IRMz95 180.4 -68.8 180.4 -68.8 3.96E-02 001.5 227.7 -89.7 74.43241 76.05500 31.42214 shoemake 2026-01-17 18:30:54 
IRMz79 180.4 -68.8 180.4 -68.8 3.98E-02 001.5 227.0 -89.7 74.70364 76.25756 31.52461 shoemake 2026-01-17 18:32:46 
IRMz06 180.4 -68.8 180.4 -68.8 3.99E-02 001.5 225.7 -89.7 75.02839 76.58915 31.72075 shoemake 2026-01-17 18:34:39 
IRMz82 180.4 -68.8 180.4 -68.8 3.99E-02 001.5 225.4 -89.7 75.03247 76.45021 31.89175 shoemake 2026-01-17 18:36:32 
IRMz14 180.4 -68.8 180.4 -68.8 4.00E-02 001.5 225.6 -89.7 75.34886 76.92503 31.21559 shoemake 2026-01-17 18:38:25 
IRMz12 180.4 -68.8 180.4 -68.8 4.00E-02 001.5 225.2 -89.7 75.16498 76.92374 31.82740 shoemake 2026-01-17 18:40:18 
IRMz83 180.4 -68.8 180.4 -68.8 4.01E-02 001.5 226.2 -89.7 75.49051 77.07892 31.85758 shoemake 2026-01-17 18:42:12 
IRMz41 180.4 -68.8 180.4 -68.8 4.01E-02 001.5 226.1 -89.6 75.57449 77.23875 31.87422 shoemake 2026-01-17 18:44:09 
IRMz97 180.4 -68.8 180.4 -68.8 4.01E-02 001.5 225.8 -89.7 75.48093 77.22482 32.04654 shoemake 2026-01-17 18:46:07 
IRMz67 180.4 -68.8 180.4 -68.8 4.01E-02 001.5 226.4 -89.7 75.80293 77.42120 32.17435 shoemake 2026-01-17 18:48:09 
IRMz67 180.4 -68.8 180.4 -68.8 4.01E-02 001.5 225.3 -89.7 75.49777 77.23881 32.10711 shoemake 2026-01-17 18:50:14 
IRMz17 180.4 -68.8 180.4 -68.8 4.00E-02 001.5 226.3 -89.6 75.65812 77.17155 32.39941 shoemake 2026-01-17 18:53:51 
IRMz00 180.4 -68.8 180.4 -68.8 4.00E-02 001.5 226.5 -89.6 75.44978 77.31717 32.34439 shoemake 2026-01-17 18:57:27 
AFz 16 180.4 -68.7 180.4 -68.7 3.59E-02 001.5 223.8 -89.6 67.86707 69.28010 27.90578 shoemake 2026-01-17 18:59:05 
AFz 32 180.4 -68.7 180.4 -68.7 3.22E-02 001.5 221.7 -89.6 60.76026 62.06687 25.18817 shoemake 2026-01-17 19:00:43 
AFz 50 180.3 -68.7 180.3 -68.7 2.82E-02 001.5 218.3 -89.6 53.27885 54.44664 22.17671 shoemake 2026-01-17 19:02:21 
AFz 66 180.3 -68.7 180.3 -68.7 2.51E-02 001.5 215.6 -89.6 47.27263 48.31510 20.11190 shoemake 2026-01-17 19:03:58 
AFz 87 180.3 -68.7 180.3 -68.7 2.14E-02 001.5 212.7 -89.6 40.41107 41.42073 17.53855 shoemake 2026-01-17 19:05:36 
AFz115 180.2 -68.6 180.2 -68.6 1.75E-02 001.5 204.9 -89.6 33.01114 32.59434 14.70450 shoemake 2026-01-17 19:07:14 
AFz133 180.2 -68.6 180.2 -68.6 1.54E-02 001.5 204.8 -89.6 28.99171 29.73450 13.04012 shoemake 2026-01-17 19:08:52 
AFz153 180.2 -68.6 180.2 -68.6 1.35E-02 001.5 201.7 -89.5 25.40543 26.09459 11.64559 shoemake 2026-01-17 19:10:30 
AFz176 180.1 -68.5 180.1 -68.5 1.16E-02 001.5 199.1 -89.5 21.87895 22.48113 10.23086 shoemake 2026-01-17 19:12:08 
AFz202 180.0 -68.5 180.0 -68.5 9.90E-03 001.5 193.5 -89.5 18.58491 19.12579 8.882127 shoemake 2026-01-17 19:13:46 
AFz232 179.9 -68.4 179.9 -68.4 8.29E-03 001.5 188.6 -89.4 15.55834 16.01965 7.669073 shoemake 2026-01-17 19:15:24 
AFz267 179.8 -68.4 179.8 -68.4 6.78E-03 001.5 184.3 -89.4 12.69779 13.10241 6.453246 shoemake 2026-01-17 19:17:02 
AFz308 179.8 -68.3 179.8 -68.3 5.54E-03 001.5 181.6 -89.3 10.36985 10.69934 5.474903 shoemake 2026-01-17 19:18:39 
AFz354 179.8 -68.2 179.8 -68.2 4.56E-03 001.5 183.1 -89.2 8.507303 8.794359 4.647948 shoemake 2026-01-17 19:20:17 
AFz407 179.6 -68.1 179.6 -68.1 3.79E-03 001.5 177.7 -89.1 7.061440 7.316229 4.005949 shoemake 2026-01-17 19:21:54 
AFz468 179.4 -68.1 179.4 -68.1 3.14E-03 001.5 173.9 -89.1 5.846220 6.054799 3.406495 shoemake 2026-01-17 19:23:33 
AFz538 179.5 -68.0 179.5 -68.0 2.63E-03 001.5 176.0 -89.0 4.866167 5.056528 2.909776 shoemake 2026-01-17 19:25:10 
AFz619 179.1 -68.0 179.1 -68.0 2.18E-03 001.5 166.7 -89.0 4.026552 4.184717 2.479056 shoemake 2026-01-17 19:26:48 
AFz712 179.4 -67.9 179.4 -67.9 1.79E-03 001.5 173.6 -88.9 3.309708 3.441391 2.071329 shoemake 2026-01-17 19:28:27 
AFz819 179.4 -67.9 179.4 -67.9 1.48E-03 001.5 173.7 -88.9 2.723608 2.848777 1.745392 shoemake 2026-01-17 19:30:05 
AFz942 178.9 -67.8 178.9 -67.8 1.21E-03 001.5 165.4 -88.7 2.216678 2.319148 1.426907 shoemake 2026-01-17 19:31:42 
AFz083 179.1 -67.8 179.1 -67.8 9.78E-04 001.5 168.8 -88.8 1.788894 1.871417 1.158301 shoemake 2026-01-17 19:33:21 
AFz246 178.3 -67.9 178.3 -67.9 7.84E-04 001.5 153.5 -88.8 1.437553 1.501025 0.930233 shoemake 2026-01-17 19:34:59 
AFz433 178.9 -67.9 178.9 -67.9 6.07E-04 001.5 165.0 -88.9 1.098866 1.149631 0.706982 shoemake 2026-01-17 19:36:37 
AFz648 180.7 -68.2 180.7 -68.2 4.67E-04 001.5 204.6 -89.1 0.841263 0.877165 0.522148 shoemake 2026-01-17 19:38:15 
AFz895 175.8 -67.5 175.8 -67.5 3.55E-04 001.5 134.8 -87.9 0.631843 0.660696 0.402044 shoemake 2026-01-17 19:39:54 
AFz179 180.3 -68.3 180.3 -68.3 2.71E-04 001.4 196.7 -89.2 0.473691 0.495421 0.282067 shoemake 2026-01-17 19:41:32 
AFz506 179.9 -68.9 179.9 -68.9 2.03E-04 001.4 225.3 -89.9 0.343860 0.359465 0.206806 shoemake 2026-01-17 19:43:10 
AFz882 179.2 -68.4 179.2 -68.4 1.47E-04 001.4 163.2 -89.4 0.255320 0.267349 0.134968 shoemake 2026-01-17 19:44:48 
AFz314 177.0 -66.7 177.0 -66.7 1.06E-04 001.4 154.3 -87.5 0.186843 0.192055 0.099315 shoemake 2026-01-17 19:46:28 
AFz812 173.2 -65.7 173.2 -65.7 8.26E-05 001.4 139.9 -85.8 0.141331 0.148107 0.069534 shoemake 2026-01-17 19:48:07 
AFmax0 176.3 -69.8 176.3 -69.8 6.34E-05 001.3 054.9 -88.6 0.097519 0.109195 0.051513 shoemake 2026-01-17 19:50:27 
