PKQ-A- 3H no sun
        292.0  49.0   0.0   0.0   1.0
NRM    325.4  76.8 325.4  76.8 1.57E-02 000.6 167.4  32.4 15.30336 8.288083 11.25698 shoemake 2024-08-12 17:48:03 
AF  16 326.3  76.3 326.3  76.3 1.56E-02 000.6 167.2  31.9 15.21122 6.550789 10.76076 shoemake 2024-08-12 17:50:20 
AF  32 330.1  74.3 330.1  74.3 1.52E-02 000.6 166.5  29.8 14.75888 6.473147 10.96971 shoemake 2024-08-12 17:52:37 
AF  50 333.1  72.5 333.1  72.5 1.45E-02 000.6 166.0  27.8 14.33446 5.449431 10.59045 shoemake 2024-08-12 17:54:55 
AF  66 333.6  72.7 333.6  72.7 1.39E-02 000.6 166.2  27.9 13.60896 5.851051 10.18786 shoemake 2024-08-12 17:57:12 
AF  87 332.5  73.7 332.5  73.7 1.33E-02 000.6 166.6  28.9 13.06685 5.325008 9.487202 shoemake 2024-08-12 17:59:29 
AF 115 330.8  74.8 330.8  74.8 1.26E-02 000.6 167.0  30.0 12.34826 5.220393 8.904983 shoemake 2024-08-12 18:01:47 
AF 133 329.7  75.4 329.7  75.4 1.22E-02 000.6 167.2  30.6 11.86577 5.175098 8.627062 shoemake 2024-08-12 18:04:04 
AF 153 328.6  75.8 328.6  75.8 1.17E-02 000.6 167.3  31.2 11.61723 4.822606 8.107793 shoemake 2024-08-12 18:06:22 
AF 176 327.4  76.2 327.4  76.2 1.13E-02 000.6 167.4  31.7 11.29870 4.786892 7.610949 shoemake 2024-08-12 18:08:39 
AF 202 326.6  76.6 326.6  76.6 1.08E-02 000.6 167.5  32.0 10.77243 4.803636 7.373385 shoemake 2024-08-12 18:10:57 
AF 232 325.0  76.9 325.0  76.9 1.03E-02 000.6 167.5  32.5 10.32846 4.548438 7.009036 shoemake 2024-08-12 18:13:14 
AF 267 324.1  77.2 324.1  77.2 9.86E-03 000.6 167.6  32.9 9.783200 4.393363 6.636379 shoemake 2024-08-12 18:15:30 
AF 308 323.3  77.5 323.3  77.5 9.31E-03 000.6 167.7  33.2 9.103380 4.396982 6.309147 shoemake 2024-08-12 18:17:46 
AF 354 322.7  77.5 322.7  77.5 8.83E-03 000.6 167.6  33.3 8.912048 3.687184 5.883522 shoemake 2024-08-12 18:20:03 
AF 407 320.7  77.9 320.7  77.9 8.31E-03 000.6 167.6  33.9 8.351126 3.807708 5.406286 shoemake 2024-08-12 18:22:20 
AF 468 321.2  77.9 321.2  77.9 7.82E-03 000.6 167.7  33.8 7.758360 3.488452 5.211235 shoemake 2024-08-12 18:24:37 
AF 538 320.2  78.0 320.2  78.0 7.35E-03 000.6 167.7  34.1 7.340422 3.333513 4.816489 shoemake 2024-08-12 18:26:54 
AF 619 319.9  78.3 319.9  78.3 6.81E-03 000.6 167.8  34.3 6.804663 3.149701 4.396620 shoemake 2024-08-12 18:29:12 
AF 712 320.1  78.3 320.1  78.3 6.28E-03 000.6 167.9  34.2 6.334600 2.771083 4.081391 shoemake 2024-08-12 18:31:30 
AF 819 319.0  78.4 319.0  78.4 5.77E-03 000.6 167.8  34.5 5.814762 2.607698 3.735783 shoemake 2024-08-12 18:33:49 
AF 940 318.9  78.5 318.9  78.5 5.24E-03 000.6 168.0  34.6 5.504774 2.940040 3.376075 shoemake 2024-08-12 18:36:10 
A1 433 316.3  78.9 316.3  78.9 3.78E-03 000.7 168.0  35.2 4.045739 2.253419 2.501073 shoemake 2024-08-13 11:50:20 
