PKQ-A- 0H no sun
        312.0  76.0   0.0   0.0   1.0
NRM    177.7  48.4 177.7  48.4 3.39E-02 000.7 215.8  41.9 27.65995 31.11161 17.05911 shoemake 2024-08-12 20:19:52 
AF  16 177.8  48.3 177.8  48.3 3.38E-02 000.7 215.8  41.9 28.16692 28.23277 16.25893 shoemake 2024-08-12 20:22:08 
AF  32 177.3  47.9 177.3  47.9 3.23E-02 000.7 216.5  41.9 26.49514 27.04573 15.65722 shoemake 2024-08-12 20:24:24 
AF  50 177.3  47.8 177.3  47.8 2.67E-02 000.7 216.7  42.0 21.95392 22.22073 13.14745 shoemake 2024-08-12 20:26:40 
AF  66 179.6  48.8 179.6  48.8 2.05E-02 000.7 214.5  42.7 16.92911 17.17402 9.873369 shoemake 2024-08-12 20:28:56 
AF  87 183.3  51.9 183.3  51.9 1.41E-02 000.7 209.1  42.7 11.88019 11.46341 6.787652 shoemake 2024-08-12 20:31:12 
AF 115 191.6  58.0 191.6  58.0 8.97E-03 000.7 198.8  41.5 7.988837 6.756745 4.497942 shoemake 2024-08-12 20:33:27 
AF 133 199.7  61.8 199.7  61.8 7.04E-03 000.7 191.6  40.3 6.483834 4.840206 3.681011 shoemake 2024-08-12 20:35:42 
AF 153 210.4  64.9 210.4  64.9 5.77E-03 000.7 184.5  38.8 5.503902 3.696208 3.259084 shoemake 2024-08-12 20:37:58 
AF 176 222.8  66.9 222.8  66.9 4.88E-03 000.6 178.0  37.0 4.912281 2.932135 2.851935 shoemake 2024-08-12 20:40:13 
AF 202 234.1  67.9 234.1  67.9 4.28E-03 000.6 173.0  35.1 4.406698 2.279826 2.640487 shoemake 2024-08-12 20:42:28 
AF 232 244.1  67.9 244.1  67.9 3.85E-03 000.6 168.8  33.6 4.089052 1.848359 2.470142 shoemake 2024-08-12 20:44:44 
AF 267 252.2  67.8 252.2  67.8 3.54E-03 000.6 165.8  32.0 3.762672 1.612262 2.395190 shoemake 2024-08-12 20:46:59 
AF 308 259.7  67.0 259.7  67.0 3.26E-03 000.6 162.7  30.6 3.600039 1.250206 2.210782 shoemake 2024-08-12 20:49:15 
AF 354 264.3  66.6 264.3  66.6 3.06E-03 000.6 161.0  29.5 3.394957 1.138678 2.108847 shoemake 2024-08-12 20:51:31 
AF 407 267.3  65.7 267.3  65.7 2.89E-03 000.6 159.3  29.0 3.259053 0.989942 2.080705 shoemake 2024-08-12 20:53:47 
AF 468 270.3  65.2 270.3  65.2 2.73E-03 000.6 158.1  28.2 3.101081 0.913779 1.934225 shoemake 2024-08-12 20:56:04 
AF 538 272.4  64.8 272.4  64.8 2.58E-03 000.6 157.2  27.6 2.897028 0.845641 1.882549 shoemake 2024-08-12 20:58:20 
AF 619 273.6  64.5 273.6  64.5 2.44E-03 000.6 156.7  27.3 2.744548 0.836101 1.752636 shoemake 2024-08-12 21:00:37 
AF 712 275.8  64.2 275.8  64.2 2.30E-03 000.6 155.9  26.6 2.646841 0.668812 1.641320 shoemake 2024-08-12 21:02:55 
AF 819 275.9  63.6 275.9  63.6 2.14E-03 000.6 155.3  26.8 2.488171 0.633055 1.545852 shoemake 2024-08-12 21:05:14 
AF 940 277.2  63.1 277.2  63.1 1.98E-03 000.6 154.5  26.4 2.284857 0.587232 1.433231 shoemake 2024-08-12 21:07:35 
A1 433 246.0  77.2 246.0  77.2 1.38E-03 000.6 173.5  25.3 1.382405 0.813857 1.036411 shoemake 2024-08-13 11:57:55 
