PKQ-A- 9I 
        349.0  56.5   0.0   0.0   1.0
NRM    168.1  48.9 168.1  48.9 1.25E-01 000.6 227.0  26.1 74.77593 116.0940 83.10308 shoemake 2024-08-12 19:29:34 
AF  16 168.1  48.9 168.1  48.9 1.24E-01 000.6 227.0  26.0 78.35901 104.2985 82.25837 shoemake 2024-08-12 19:31:50 
AF  32 167.9  48.5 167.9  48.5 1.18E-01 000.6 227.3  25.8 73.44188 101.9033 78.35234 shoemake 2024-08-12 19:34:06 
AF  50 167.9  48.1 167.9  48.1 1.02E-01 000.6 227.7  25.6 62.63464 85.52723 67.72556 shoemake 2024-08-12 19:36:21 
AF  66 168.9  48.8 168.9  48.8 8.21E-02 000.6 227.2  26.5 51.79978 70.75580 54.62177 shoemake 2024-08-12 19:38:37 
AF  87 170.8  51.1 170.8  51.1 5.93E-02 000.6 225.3  28.4 37.62571 50.01894 38.34983 shoemake 2024-08-12 19:40:53 
AF 115 174.8  56.3 174.8  56.3 3.85E-02 000.6 220.4  32.2 26.51648 31.93889 24.23246 shoemake 2024-08-12 19:43:09 
AF 133 179.2  60.4 179.2  60.4 2.97E-02 000.7 216.0  35.2 21.44445 24.38034 18.26406 shoemake 2024-08-12 19:45:25 
AF 153 186.0  64.8 186.0  64.8 2.34E-02 000.7 210.7  38.5 18.00966 18.16639 14.51927 shoemake 2024-08-12 19:47:41 
AF 176 196.2  69.1 196.2  69.1 1.89E-02 000.7 204.4  41.8 16.06733 14.75971 11.14724 shoemake 2024-08-12 19:49:57 
AF 202 209.5  72.3 209.5  72.3 1.59E-02 000.7 197.9  44.5 14.40763 12.20421 9.331287 shoemake 2024-08-12 19:52:13 
AF 232 226.6  74.3 226.6  74.3 1.38E-02 000.7 191.1  46.8 13.14234 10.20677 8.023488 shoemake 2024-08-12 19:54:29 
AF 267 244.1  74.8 244.1  74.8 1.22E-02 000.7 184.6  48.3 12.20350 8.704578 7.170474 shoemake 2024-08-12 19:56:45 
AF 308 259.5  74.0 259.5  74.0 1.10E-02 000.7 178.4  49.5 11.33946 7.695496 6.610893 shoemake 2024-08-12 19:59:02 
AF 354 269.5  72.7 269.5  72.7 1.02E-02 000.7 173.7  50.1 10.85331 7.121887 6.090703 shoemake 2024-08-12 20:01:18 
AF 407 277.3  71.4 277.3  71.4 9.52E-03 000.7 169.4  50.4 10.19955 6.446389 5.907043 shoemake 2024-08-12 20:03:35 
AF 468 282.4  70.1 282.4  70.1 8.93E-03 000.7 166.1  50.6 9.709196 6.097134 5.603520 shoemake 2024-08-12 20:05:51 
AF 538 285.8  69.2 285.8  69.2 8.40E-03 000.7 163.8  50.5 9.213339 5.599300 5.245859 shoemake 2024-08-12 20:08:08 
AF 619 288.0  67.9 288.0  67.9 7.87E-03 000.7 161.4  51.0 8.708184 5.231349 4.896885 shoemake 2024-08-12 20:10:25 
AF 712 290.3  67.3 290.3  67.3 7.37E-03 000.8 159.8  50.7 8.184368 4.874968 4.730704 shoemake 2024-08-12 20:12:43 
AF 819 292.4  66.4 292.4  66.4 6.85E-03 000.8 157.7  50.7 7.729073 4.599601 4.312475 shoemake 2024-08-12 20:15:03 
AF 940 293.3  65.9 293.3  65.9 6.33E-03 000.8 156.9  50.7 7.136798 4.175882 4.067347 shoemake 2024-08-12 20:17:23 
A1 433 292.3  67.2 292.3  67.2 4.48E-03 000.8 158.8  50.2 5.250502 3.485774 3.227316 shoemake 2024-08-13 11:55:25 
