PKQ-A- 6M 
        283.0  54.0   0.0   0.0   1.0
NRM    130.1 -00.7 130.1 -00.7 1.35E-02 000.8 289.6  23.7 14.42209 10.55127 10.20236 shoemake 2024-08-12 18:39:17 
AF  16 130.1 -00.7 130.1 -00.7 1.35E-02 000.9 289.6  23.7 15.12041 10.83739 10.02883 shoemake 2024-08-12 18:41:33 
AF  32 129.9 -01.3 129.9 -01.3 1.33E-02 000.9 289.9  23.2 15.13803 10.56961 9.873398 shoemake 2024-08-12 18:43:48 
AF  50 129.5 -02.7 129.5 -02.7 1.27E-02 000.9 290.9  22.0 14.59904 9.751688 9.633922 shoemake 2024-08-12 18:46:04 
AF  66 130.1 -04.4 130.1 -04.4 1.17E-02 000.9 292.6  21.2 13.56303 9.137307 9.176952 shoemake 2024-08-12 18:48:20 
AF  87 132.0 -06.8 132.0 -06.8 1.01E-02 000.9 295.9  21.1 11.96139 7.608560 7.964404 shoemake 2024-08-12 18:50:36 
AF 115 136.9 -10.0 136.9 -10.0 8.12E-03 000.9 302.0  22.3 9.559714 6.325423 6.503940 shoemake 2024-08-12 18:52:51 
AF 133 141.2 -12.3 141.2 -12.3 7.01E-03 000.9 307.1  23.4 8.157293 5.547503 5.722936 shoemake 2024-08-12 18:55:06 
AF 153 146.7 -15.0 146.7 -15.0 6.03E-03 000.8 313.5  24.8 6.939533 4.845238 4.932330 shoemake 2024-08-12 18:57:22 
AF 176 153.4 -18.0 153.4 -18.0 5.22E-03 000.8 321.2  26.0 5.755257 4.213407 4.374097 shoemake 2024-08-12 18:59:37 
AF 202 160.6 -21.0 160.6 -21.0 4.63E-03 000.8 329.4  26.7 4.850879 3.803517 3.965444 shoemake 2024-08-12 19:01:53 
AF 232 167.8 -23.8 167.8 -23.8 4.20E-03 000.7 337.5  26.8 4.191883 3.726885 3.525808 shoemake 2024-08-12 19:04:09 
AF 267 174.3 -25.8 174.3 -25.8 3.90E-03 000.7 344.5  26.5 3.608873 3.681813 3.315657 shoemake 2024-08-12 19:06:25 
AF 308 180.5 -27.3 180.5 -27.3 3.67E-03 000.7 350.9  26.1 3.146848 3.359588 3.147420 shoemake 2024-08-12 19:08:41 
AF 354 185.1 -28.3 185.1 -28.3 3.50E-03 000.7 355.5  25.6 2.792902 3.250767 2.996095 shoemake 2024-08-12 19:10:58 
AF 407 189.0 -28.9 189.0 -28.9 3.35E-03 000.8 359.3  25.1 2.510000 3.265137 2.872203 shoemake 2024-08-12 19:13:14 
AF 468 192.1 -29.3 192.1 -29.3 3.20E-03 000.8 002.3  24.6 2.282892 3.045781 2.778486 shoemake 2024-08-12 19:15:31 
AF 538 194.9 -29.6 194.9 -29.6 3.06E-03 000.8 004.9  24.2 2.061073 2.980435 2.624559 shoemake 2024-08-12 19:17:47 
AF 619 197.2 -29.8 197.2 -29.8 2.91E-03 000.8 007.1  23.8 1.901873 3.059913 2.539570 shoemake 2024-08-12 19:20:05 
AF 712 199.1 -30.0 199.1 -30.0 2.75E-03 000.8 008.9  23.4 1.701589 2.665265 2.382276 shoemake 2024-08-12 19:22:24 
AF 819 200.4 -29.9 200.4 -29.9 2.58E-03 000.8 010.1  23.4 1.550736 2.481831 2.200409 shoemake 2024-08-12 19:24:43 
AF 940 201.8 -30.0 201.8 -30.0 2.41E-03 000.8 011.3  23.0 1.404711 2.322670 2.060839 shoemake 2024-08-12 19:27:04 
A1 433 203.3 -30.6 203.3 -30.6 1.84E-03 000.8 012.6  22.2 1.124426 1.798063 1.804257 shoemake 2024-08-13 11:52:54 
