PKQ-A- 2M 
        305.0  72.0   0.0   0.0   1.0
NRM    307.3  63.6 307.3  63.6 3.91E-03 000.7 152.9  13.6 4.242380 1.175363 4.318543 shoemake 2024-08-12 16:57:20 
AF  16 307.4  63.4 307.4  63.4 3.89E-03 000.7 152.7  13.6 4.430154 1.302046 4.084999 shoemake 2024-08-12 16:59:35 
AF  32 307.6  61.1 307.6  61.1 3.70E-03 000.7 150.5  12.9 4.244334 1.093210 3.908227 shoemake 2024-08-12 17:01:52 
AF  50 307.0  59.1 307.0  59.1 3.21E-03 000.7 148.4  12.7 3.715838 0.954903 3.327927 shoemake 2024-08-12 17:04:09 
AF  66 305.0  59.2 305.0  59.2 2.84E-03 000.7 148.2  13.7 3.298272 0.715578 2.981630 shoemake 2024-08-12 17:06:26 
AF  87 302.2  59.7 302.2  59.7 2.58E-03 000.7 148.5  15.2 3.402082 0.603087 2.551814 shoemake 2024-08-12 17:08:43 
AF 115 299.7  60.2 299.7  60.2 2.40E-03 000.7 148.8  16.5 2.762904 0.560555 2.460510 shoemake 2024-08-12 17:11:00 
AF 133 298.1  60.7 298.1  60.7 2.30E-03 000.7 149.2  17.4 2.612975 0.561802 2.313605 shoemake 2024-08-12 17:13:17 
AF 153 296.8  60.8 296.8  60.8 2.21E-03 000.7 149.3  18.0 2.525612 0.487260 2.259603 shoemake 2024-08-12 17:15:34 
AF 176 295.3  61.1 295.3  61.1 2.15E-03 000.7 149.5  18.8 2.423866 0.534591 2.192406 shoemake 2024-08-12 17:17:50 
AF 202 294.4  61.2 294.4  61.2 2.08E-03 000.7 149.6  19.2 2.351302 0.485630 2.111685 shoemake 2024-08-12 17:20:07 
AF 232 293.6  60.9 293.6  60.9 2.03E-03 000.7 149.3  19.6 2.320612 0.458018 2.043465 shoemake 2024-08-12 17:22:25 
AF 267 292.9  61.1 292.9  61.1 1.98E-03 000.7 149.5  19.9 2.264126 0.428744 1.986996 shoemake 2024-08-12 17:24:42 
AF 308 292.4  61.2 292.4  61.2 1.91E-03 000.7 149.6  20.2 2.173781 0.385948 1.941238 shoemake 2024-08-12 17:27:00 
AF 354 291.6  61.3 291.6  61.3 1.86E-03 000.7 149.7  20.5 2.127110 0.388425 1.866033 shoemake 2024-08-12 17:29:17 
AF 407 290.9  61.4 290.9  61.4 1.79E-03 000.7 149.8  20.9 2.067337 0.399038 1.806267 shoemake 2024-08-12 17:31:35 
AF 468 290.6  61.3 290.6  61.3 1.73E-03 000.7 149.7  21.0 1.986721 0.386309 1.728315 shoemake 2024-08-12 17:33:52 
AF 538 290.6  61.3 290.6  61.3 1.66E-03 000.7 149.7  21.0 1.891924 0.407983 1.701494 shoemake 2024-08-12 17:36:10 
AF 619 290.1  61.5 290.1  61.5 1.59E-03 000.7 149.9  21.3 1.808607 0.390275 1.612182 shoemake 2024-08-12 17:38:28 
AF 712 289.7  61.3 289.7  61.3 1.52E-03 000.7 149.7  21.5 1.745926 0.348114 1.521097 shoemake 2024-08-12 17:40:47 
AF 819 290.0  61.7 290.0  61.7 1.44E-03 000.7 150.1  21.3 1.654487 0.335007 1.487535 shoemake 2024-08-12 17:43:08 
AF 940 289.7  61.3 289.7  61.3 1.36E-03 000.7 149.7  21.5 1.583232 0.280882 1.364231 shoemake 2024-08-12 17:45:30 
AF 940 285.0  71.3 285.0  71.3 1.04E-03 000.8 160.6  22.4 1.120410 0.325606 1.244752 shoemake 2024-08-13 11:37:11 
A1 433 288.9  61.3 288.9  61.3 1.04E-03 000.8 149.7  21.8 1.210163 0.309978 1.113353 shoemake 2024-08-13 11:47:46 
