PKS- J-3A 
         50.0  11.5   0.0   0.0   1.0
NRM    183.8 -24.0 183.8 -24.0 1.06E-02 000.8 229.6 -31.8 10.64828 14.07706 4.335029 shoemake 2026-01-15 14:29:46 
AF  16 183.7 -24.0 183.7 -24.0 1.06E-02 000.8 229.5 -31.8 10.25867 14.25713 4.315619 shoemake 2026-01-15 14:32:03 
AF  32 183.6 -24.0 183.6 -24.0 1.06E-02 000.8 229.4 -31.8 10.30087 14.39912 4.321356 shoemake 2026-01-15 14:34:21 
AF  50 183.2 -24.1 183.2 -24.1 1.07E-02 000.8 229.0 -32.0 10.44495 14.42338 4.282483 shoemake 2026-01-15 14:36:38 
AF  66 182.8 -24.4 182.8 -24.4 1.07E-02 000.8 228.6 -32.3 10.45548 14.48619 4.223513 shoemake 2026-01-15 14:38:55 
AF  87 182.4 -24.7 182.4 -24.7 1.07E-02 000.8 228.2 -32.7 10.52753 14.52747 4.185213 shoemake 2026-01-15 14:41:12 
AF 115 181.8 -25.0 181.8 -25.0 1.06E-02 000.8 227.7 -33.1 10.60621 14.39346 4.075404 shoemake 2026-01-15 14:43:29 
AF 133 181.5 -25.3 181.5 -25.3 1.06E-02 000.8 227.4 -33.4 10.72223 14.21463 4.007959 shoemake 2026-01-15 14:45:47 
AF 153 181.2 -25.6 181.2 -25.6 1.05E-02 000.8 227.2 -33.7 10.57289 14.20552 3.919311 shoemake 2026-01-15 14:48:04 
AF 176 180.9 -25.9 180.9 -25.9 1.04E-02 000.8 226.9 -34.1 10.50291 14.18791 3.829027 shoemake 2026-01-15 14:50:21 
AF 202 180.6 -26.2 180.6 -26.2 1.02E-02 000.8 226.6 -34.4 10.45990 14.01501 3.725234 shoemake 2026-01-15 14:52:39 
AF 232 180.2 -26.5 180.2 -26.5 1.00E-02 000.8 226.2 -34.8 10.48522 13.70366 3.624477 shoemake 2026-01-15 14:54:56 
AF 267 179.9 -26.8 179.9 -26.8 9.77E-03 000.8 225.9 -35.1 10.31358 13.44421 3.503792 shoemake 2026-01-15 14:57:13 
AF 308 179.4 -27.2 179.4 -27.2 9.51E-03 000.8 225.5 -35.6 10.08853 13.17924 3.377165 shoemake 2026-01-15 14:59:31 
AF 354 179.1 -27.6 179.1 -27.6 9.27E-03 000.9 225.2 -36.0 10.18513 12.80845 3.286209 shoemake 2026-01-15 15:01:49 
AF 407 178.6 -28.0 178.6 -28.0 8.99E-03 000.9 224.8 -36.5 9.795834 12.58638 3.158678 shoemake 2026-01-15 15:04:07 
AF 468 178.3 -28.3 178.3 -28.3 8.73E-03 000.9 224.6 -36.9 9.600837 12.19067 3.025416 shoemake 2026-01-15 15:06:26 
AF 538 177.9 -28.6 177.9 -28.6 8.44E-03 000.9 224.2 -37.2 9.297566 11.83900 2.888300 shoemake 2026-01-15 15:08:45 
AF 619 177.6 -28.9 177.6 -28.9 8.17E-03 000.9 223.9 -37.6 9.083765 11.51418 2.801842 shoemake 2026-01-15 15:11:04 
AF 712 177.4 -29.3 177.4 -29.3 7.89E-03 000.9 223.7 -38.0 8.851787 11.18100 2.724758 shoemake 2026-01-15 15:13:25 
AF 819 176.9 -29.6 176.9 -29.6 7.59E-03 000.9 223.3 -38.4 8.678416 10.55706 2.606048 shoemake 2026-01-15 15:15:46 
AF 940 176.7 -29.9 176.7 -29.9 7.33E-03 000.9 223.1 -38.7 8.386921 10.36417 2.487127 shoemake 2026-01-15 15:18:09 
AFmax0 177.6 -17.5 177.6 -17.5 3.68E-03 000.8 221.9 -26.2 3.068830 4.663018 1.744227 shoemake 2026-01-15 15:20:30 
ARM    177.7 -17.4 177.7 -17.4 3.67E-03 000.8 222.0 -26.2 3.001749 4.681545 1.747297 shoemake 2026-01-15 15:22:09 
ARM  1 209.4  75.3 209.4  75.3 8.96E-03 001.3 221.1  68.6 14.28997 15.70503 4.932807 shoemake 2026-01-15 15:23:51 
ARM  2 257.0  82.4 257.0  82.4 1.82E-02 001.4 220.4  79.7 30.88494 32.53472 8.108708 shoemake 2026-01-15 15:25:34 
ARM  3 283.7  82.4 283.7  82.4 2.71E-02 001.4 219.9  83.2 46.57900 48.53502 11.19232 shoemake 2026-01-15 15:27:16 
ARM  4 295.2  81.8 295.2  81.8 3.57E-02 001.4 219.1  84.8 61.42790 63.81717 13.56229 shoemake 2026-01-15 15:28:58 
ARM  5 301.3  81.4 301.3  81.4 4.41E-02 001.4 218.5  85.9 76.09032 78.82706 17.07691 shoemake 2026-01-15 15:30:41 
ARM  6 304.8  81.0 304.8  81.0 5.20E-02 001.4 218.0  86.5 89.84891 92.81639 19.76638 shoemake 2026-01-15 15:32:23 
ARM  7 307.4  80.7 307.4  80.7 6.00E-02 001.4 217.4  87.0 103.8058 107.3790 22.59306 shoemake 2026-01-15 15:34:05 
ARM  8 309.1  80.5 309.1  80.5 6.78E-02 001.4 217.0  87.4 117.0575 120.9495 25.25006 shoemake 2026-01-15 15:35:47 
ARM  9 310.4  80.3 310.4  80.3 7.53E-02 001.4 216.3  87.6 130.0250 134.3581 27.86922 shoemake 2026-01-15 15:37:30 
ARM 10 311.4  80.1 311.4  80.1 8.27E-02 001.4 215.9  87.9 142.8223 147.3601 30.48938 shoemake 2026-01-15 15:39:12 
AFz 16 311.2  80.2 311.2  80.2 8.08E-02 001.4 216.0  87.8 139.6040 144.0086 28.58906 shoemake 2026-01-15 15:40:51 
AFz 32 310.9  80.2 310.9  80.2 7.89E-02 001.4 216.2  87.8 136.2647 141.6780 27.87244 shoemake 2026-01-15 15:42:30 
AFz 50 310.6  80.3 310.6  80.3 7.63E-02 001.4 216.1  87.7 131.8862 136.1483 27.09307 shoemake 2026-01-15 15:44:09 
AFz 66 310.1  80.3 310.1  80.3 7.39E-02 001.4 216.4  87.6 127.5202 131.0490 26.30193 shoemake 2026-01-15 15:45:48 
AFz 87 309.6  80.4 309.6  80.4 7.03E-02 001.4 216.6  87.5 121.2942 125.2121 25.99316 shoemake 2026-01-15 15:47:27 
AFz115 308.6  80.6 308.6  80.6 6.51E-02 001.4 217.0  87.3 112.3107 115.8068 23.71530 shoemake 2026-01-15 15:49:05 
AFz133 307.8  80.7 307.8  80.7 6.15E-02 001.4 217.3  87.1 106.0179 109.4991 22.54170 shoemake 2026-01-15 15:50:44 
AFz153 306.7  80.8 306.7  80.8 5.73E-02 001.4 217.6  86.9 99.00950 102.3614 21.13433 shoemake 2026-01-15 15:52:23 
AFz176 305.3  80.9 305.3  80.9 5.27E-02 001.4 217.9  86.6 91.00839 94.14321 19.33746 shoemake 2026-01-15 15:54:02 
AFz202 303.3  81.2 303.3  81.2 4.75E-02 001.4 218.3  86.2 82.11044 85.09300 17.53643 shoemake 2026-01-15 15:55:41 
AFz232 300.4  81.4 300.4  81.4 4.19E-02 001.4 218.8  85.7 72.58558 75.19052 15.48743 shoemake 2026-01-15 15:57:19 
AFz267 296.1  81.7 296.1  81.7 3.60E-02 001.4 219.4  85.0 62.42838 64.74617 13.51873 shoemake 2026-01-15 15:58:58 
AFz308 290.0  82.1 290.0  82.1 3.05E-02 001.4 219.9  84.1 52.87024 54.96797 11.69572 shoemake 2026-01-15 16:00:38 
AFz354 281.7  82.4 281.7  82.4 2.55E-02 001.4 220.4  82.9 44.21031 46.14079 10.07224 shoemake 2026-01-15 16:02:16 
AFz407 270.7  82.5 270.7  82.5 2.13E-02 001.4 220.9  81.5 36.65814 38.33910 8.722806 shoemake 2026-01-15 16:03:55 
AFz468 254.9  82.2 254.9  82.2 1.72E-02 001.4 221.3  79.4 29.41183 31.05713 7.422199 shoemake 2026-01-15 16:05:34 
AFz538 236.6  80.9 236.6  80.9 1.36E-02 001.4 221.6  76.4 22.91513 24.44002 6.307270 shoemake 2026-01-15 16:07:13 
AFz619 217.7  77.7 217.7  77.7 1.02E-02 001.4 221.8  71.6 16.69727 18.15992 5.219068 shoemake 2026-01-15 16:08:52 
AFz712 202.2  70.2 202.2  70.2 7.10E-03 001.3 222.1  63.1 10.93890 12.38791 4.195437 shoemake 2026-01-15 16:10:30 
AFz819 191.0  53.9 191.0  53.9 4.66E-03 001.1 222.2  46.1 5.722224 7.526189 3.280126 shoemake 2026-01-15 16:12:09 
AFz942 183.1  18.8 183.1  18.8 3.30E-03 000.7 222.3  10.4 1.001378 4.180603 2.419575 shoemake 2026-01-15 16:13:48 
AFz083 179.2 -07.9 179.2 -07.9 3.41E-03 000.7 222.2 -16.6 2.004560 4.095356 1.933678 shoemake 2026-01-15 16:15:27 
AFz246 178.7 -11.4 178.7 -11.4 3.49E-03 000.7 222.1 -20.1 2.349228 4.250603 1.866610 shoemake 2026-01-15 16:17:05 
AFz433 178.5 -13.2 178.5 -13.2 3.53E-03 000.7 222.2 -21.9 2.566816 4.311089 1.821881 shoemake 2026-01-15 16:18:44 
AFz648 178.4 -14.2 178.4 -14.2 3.58E-03 000.7 222.2 -22.9 2.671923 4.452289 1.813883 shoemake 2026-01-15 16:20:24 
AFz895 178.1 -14.9 178.1 -14.9 3.60E-03 000.7 222.0 -23.7 2.782101 4.484982 1.799326 shoemake 2026-01-15 16:22:03 
AFz179 177.9 -15.4 177.9 -15.4 3.60E-03 000.7 221.9 -24.1 2.772337 4.494877 1.756885 shoemake 2026-01-15 16:23:42 
AFz506 177.8 -15.9 177.8 -15.9 3.61E-03 000.7 221.9 -24.6 2.852203 4.538055 1.775761 shoemake 2026-01-15 16:25:21 
AFz882 177.9 -16.1 177.9 -16.1 3.62E-03 000.7 222.0 -24.8 2.882478 4.533819 1.750592 shoemake 2026-01-15 16:27:01 
AFz314 177.9 -16.2 177.9 -16.2 3.61E-03 000.8 222.0 -24.9 2.947806 4.546195 1.763325 shoemake 2026-01-15 16:28:40 
AFz812 177.9 -16.3 177.9 -16.3 3.63E-03 000.7 222.1 -25.0 2.904754 4.548845 1.765630 shoemake 2026-01-15 16:30:22 
AFmax0 177.7 -16.5 177.7 -16.5 3.59E-03 000.8 221.8 -25.3 2.911876 4.510540 1.756061 shoemake 2026-01-15 16:32:42 
IRMz   177.7 -16.5 177.7 -16.5 3.59E-03 000.7 221.8 -25.3 2.889679 4.434268 1.730542 shoemake 2026-01-15 16:34:31 
AFmax0 177.5 -16.5 177.5 -16.5 3.56E-03 000.7 221.7 -25.3 2.798100 4.512179 1.747987 shoemake 2026-01-15 16:36:52 
IRMz00 141.1 -78.6 141.1 -78.6 3.57E-01 002.1 286.0 -89.5 922.4463 938.5318 560.6585 shoemake 2026-01-15 16:38:46 
AFz 16 141.1 -78.6 141.1 -78.6 3.51E-01 002.1 286.1 -89.5 893.4620 912.8293 576.4327 shoemake 2026-01-15 16:40:25 
AFz 32 141.2 -78.7 141.2 -78.7 3.43E-01 002.0 288.8 -89.5 853.6247 866.9505 612.4875 shoemake 2026-01-15 16:42:05 
AFz 50 141.1 -78.6 141.1 -78.6 3.33E-01 002.0 288.1 -89.5 809.5638 832.4704 615.5904 shoemake 2026-01-15 16:43:45 
AFz 66 141.1 -78.7 141.1 -78.7 3.26E-01 001.9 290.1 -89.5 768.4512 787.2854 656.8644 shoemake 2026-01-15 16:45:24 
AFz 87 141.0 -78.7 141.0 -78.7 3.19E-01 001.8 291.6 -89.5 714.5191 732.9831 729.6827 shoemake 2026-01-15 16:47:04 
AFz115 141.0 -78.6 141.0 -78.6 3.14E-01 001.7 288.4 -89.5 645.4913 659.6335 954.7354 shoemake 2026-01-15 16:48:45 
AFz133 141.0 -78.6 141.0 -78.6 3.12E-01 001.6 288.0 -89.5 604.3035 619.6698 1012.766 shoemake 2026-01-15 16:50:25 
AFz153 141.0 -78.6 141.0 -78.6 3.06E-01 001.5 285.1 -89.5 560.4458 573.7159 733.2611 shoemake 2026-01-15 16:52:05 
AFz176 141.1 -78.6 141.1 -78.6 2.91E-01 001.4 282.2 -89.5 508.1984 524.4036 193.1294 shoemake 2026-01-15 16:53:45 
AFz202 141.3 -78.6 141.3 -78.6 2.61E-01 001.4 278.0 -89.5 455.9971 467.5913 89.90861 shoemake 2026-01-15 16:55:25 
AFz232 141.7 -78.5 141.7 -78.5 2.27E-01 001.4 272.3 -89.4 397.5508 408.0781 76.87475 shoemake 2026-01-15 16:57:04 
AFz267 142.2 -78.4 142.2 -78.4 1.91E-01 001.4 265.5 -89.3 335.0430 343.2058 63.69927 shoemake 2026-01-15 16:58:43 
AFz308 142.9 -78.3 142.9 -78.3 1.58E-01 001.4 258.5 -89.1 277.8243 283.4187 51.36558 shoemake 2026-01-15 17:00:23 
AFz354 143.8 -78.1 143.8 -78.1 1.28E-01 001.4 251.6 -88.9 224.9456 230.1531 40.47628 shoemake 2026-01-15 17:02:02 
AFz407 144.8 -77.8 144.8 -77.8 1.02E-01 001.4 245.4 -88.6 179.2868 183.7806 31.49078 shoemake 2026-01-15 17:03:42 
AFz468 146.4 -77.4 146.4 -77.4 7.70E-02 001.4 239.5 -88.1 136.3334 139.4642 23.22722 shoemake 2026-01-15 17:05:22 
AFz538 148.6 -76.7 148.6 -76.7 5.62E-02 001.4 234.5 -87.2 99.42697 101.6390 16.39591 shoemake 2026-01-15 17:07:02 
AFz619 152.0 -75.3 152.0 -75.3 3.75E-02 001.4 230.2 -85.6 66.26115 67.55138 10.23810 shoemake 2026-01-15 17:08:42 
AFz712 157.4 -72.3 157.4 -72.3 2.21E-02 001.4 226.4 -82.2 38.90007 39.52221 5.287271 shoemake 2026-01-15 17:10:22 
AFz819 165.0 -64.5 165.0 -64.5 1.13E-02 001.4 224.0 -74.0 19.27265 19.61057 1.740867 shoemake 2026-01-15 17:12:01 
AFz942 173.3 -43.9 173.3 -43.9 5.28E-03 001.1 222.7 -53.0 7.580323 8.126777 0.937482 shoemake 2026-01-15 17:13:40 
AFz083 175.3 -33.1 175.3 -33.1 4.29E-03 001.0 222.2 -42.0 5.242792 6.076970 1.344543 shoemake 2026-01-15 17:15:20 
AFz246 175.9 -28.6 175.9 -28.6 4.02E-03 000.9 222.0 -37.5 4.502144 5.443148 1.485102 shoemake 2026-01-15 17:17:00 
AFz433 176.4 -25.5 176.4 -25.5 3.88E-03 000.8 222.0 -34.4 4.008355 5.205152 1.568032 shoemake 2026-01-15 17:18:40 
AFz648 176.7 -23.5 176.7 -23.5 3.79E-03 000.8 221.9 -32.3 3.759198 5.013892 1.584369 shoemake 2026-01-15 17:20:19 
AFz895 177.1 -22.0 177.1 -22.0 3.73E-03 000.8 222.1 -30.8 3.514436 4.901502 1.617946 shoemake 2026-01-15 17:21:59 
AFz179 177.1 -20.8 177.1 -20.8 3.67E-03 000.8 221.9 -29.6 3.352667 4.798204 1.656430 shoemake 2026-01-15 17:23:38 
AFz506 177.3 -19.7 177.3 -19.7 3.66E-03 000.8 221.9 -28.5 3.316904 4.616734 1.685703 shoemake 2026-01-15 17:25:19 
AFz882 177.2 -19.2 177.2 -19.2 3.63E-03 000.8 221.8 -28.0 3.172557 4.650181 1.699725 shoemake 2026-01-15 17:26:59 
AFz314 177.4 -18.7 177.4 -18.7 3.63E-03 000.8 221.9 -27.5 3.224251 4.592958 1.725756 shoemake 2026-01-15 17:28:40 
AFz812 177.5 -18.4 177.5 -18.4 3.60E-03 000.8 221.9 -27.2 3.044863 4.619083 1.693334 shoemake 2026-01-15 17:30:21 
AFmax0 177.6 -17.7 177.6 -17.7 3.56E-03 000.8 222.0 -26.5 2.956391 4.545244 1.766050 shoemake 2026-01-15 17:32:42 
IRMz   177.6 -17.7 177.6 -17.7 3.56E-03 000.8 222.0 -26.5 2.970266 4.454343 1.736744 shoemake 2026-01-15 17:34:31 
AFmax0 177.4 -17.4 177.4 -17.4 3.55E-03 000.8 221.7 -26.2 2.877414 4.478022 1.726073 shoemake 2026-01-15 17:36:52 
IRMz57 164.6 -64.0 164.6 -64.0 1.13E-02 001.3 222.7 -73.6 19.04396 19.35318 2.013518 shoemake 2026-01-15 17:38:53 
IRMz76 158.8 -70.4 158.8 -70.4 1.93E-02 001.4 223.6 -80.4 33.14549 33.77589 4.804797 shoemake 2026-01-15 17:40:55 
IRMz00 154.7 -73.1 154.7 -73.1 2.79E-02 001.4 224.1 -83.4 48.50036 49.46197 7.645523 shoemake 2026-01-15 17:42:44 
IRMz33 148.6 -76.1 148.6 -76.1 5.68E-02 001.4 227.1 -86.8 99.20207 101.4815 17.77510 shoemake 2026-01-15 17:44:31 
IRMz53 146.6 -76.8 146.6 -76.8 7.66E-02 001.4 229.2 -87.6 133.6021 136.9469 24.31658 shoemake 2026-01-15 17:46:21 
IRMz76 145.1 -77.3 145.1 -77.3 9.88E-02 001.4 231.5 -88.2 172.0348 176.3281 33.93055 shoemake 2026-01-15 17:48:11 
IRMz02 143.9 -77.6 143.9 -77.6 1.27E-01 001.4 234.4 -88.6 220.1182 225.5542 44.99919 shoemake 2026-01-15 17:50:01 
IRMz32 143.0 -77.9 143.0 -77.9 1.61E-01 001.4 238.4 -88.9 278.8745 286.1503 58.15166 shoemake 2026-01-15 17:51:51 
IRMz67 142.3 -78.1 142.3 -78.1 2.01E-01 001.4 243.3 -89.2 346.6890 354.9823 74.01514 shoemake 2026-01-15 17:53:41 
IRMz08 141.7 -78.3 141.7 -78.3 2.46E-01 001.4 249.6 -89.3 424.0873 434.5985 91.88877 shoemake 2026-01-15 17:55:34 
IRMz54 141.3 -78.4 141.3 -78.4 2.87E-01 001.4 256.1 -89.5 496.6134 513.9371 167.5768 shoemake 2026-01-15 17:57:26 
IRMz07 141.2 -78.4 141.2 -78.4 3.10E-01 001.5 262.0 -89.5 571.8413 586.1747 848.7795 shoemake 2026-01-15 17:59:18 
IRMz68 141.2 -78.5 141.2 -78.5 3.14E-01 001.7 270.7 -89.5 639.2990 658.2144 947.7603 shoemake 2026-01-15 18:01:09 
IRMz38 141.2 -78.5 141.2 -78.5 3.18E-01 001.8 274.2 -89.5 710.1371 727.6334 685.4954 shoemake 2026-01-15 18:03:03 
IRMz19 141.3 -78.6 141.3 -78.6 3.26E-01 001.9 278.5 -89.5 771.9039 785.8494 627.3954 shoemake 2026-01-15 18:04:57 
IRMz12 141.3 -78.6 141.3 -78.6 3.35E-01 002.0 279.5 -89.5 828.5194 843.5027 611.3137 shoemake 2026-01-15 18:06:52 
IRMz19 141.2 -78.6 141.2 -78.6 3.44E-01 002.1 281.5 -89.5 876.3437 894.1195 574.9088 shoemake 2026-01-15 18:08:46 
IRMz42 141.1 -78.6 141.1 -78.6 3.54E-01 002.1 286.7 -89.5 918.1057 935.2508 608.6016 shoemake 2026-01-15 18:10:40 
IRMz83 141.0 -78.6 141.0 -78.6 3.62E-01 002.2 287.1 -89.5 956.8270 974.2923 583.6616 shoemake 2026-01-15 18:12:35 
IRMz46 141.1 -78.6 141.1 -78.6 3.70E-01 002.2 287.2 -89.5 990.9193 1010.616 644.4877 shoemake 2026-01-15 18:14:28 
IRMz33 140.9 -78.6 140.9 -78.6 3.76E-01 002.2 286.4 -89.6 1017.635 1045.400 598.9233 shoemake 2026-01-15 18:16:22 
IRMz48 140.9 -78.6 140.9 -78.6 3.81E-01 002.3 286.6 -89.6 1049.995 1069.283 578.7976 shoemake 2026-01-15 18:18:15 
IRMz95 140.9 -78.6 140.9 -78.6 3.87E-01 002.3 287.9 -89.6 1068.921 1088.428 551.9196 shoemake 2026-01-15 18:20:09 
IRMz79 140.8 -78.6 140.8 -78.6 3.93E-01 002.3 284.3 -89.6 1098.696 1119.582 545.7832 shoemake 2026-01-15 18:22:02 
IRMz06 140.7 -78.6 140.7 -78.6 3.99E-01 002.3 285.0 -89.6 1120.506 1148.590 532.8398 shoemake 2026-01-15 18:23:55 
IRMz82 140.6 -78.6 140.6 -78.6 4.04E-01 002.3 281.1 -89.6 1145.349 1158.896 516.0441 shoemake 2026-01-15 18:25:49 
IRMz14 140.6 -78.6 140.6 -78.6 4.09E-01 002.3 278.6 -89.6 1167.980 1184.874 526.1211 shoemake 2026-01-15 18:27:43 
IRMz12 140.4 -78.5 140.4 -78.5 4.15E-01 002.4 273.3 -89.7 1197.769 1217.609 483.8258 shoemake 2026-01-15 18:29:37 
IRMz83 140.3 -78.5 140.3 -78.5 4.18E-01 002.4 278.2 -89.7 1211.807 1232.660 522.7078 shoemake 2026-01-15 18:31:32 
IRMz41 140.0 -78.6 140.0 -78.6 4.24E-01 002.4 289.4 -89.7 1224.859 1251.125 593.7925 shoemake 2026-01-15 18:33:30 
IRMz97 139.8 -78.6 139.8 -78.6 4.26E-01 002.4 299.8 -89.8 1238.971 1258.631 503.0371 shoemake 2026-01-15 18:35:30 
IRMz67 139.5 -78.6 139.5 -78.6 4.28E-01 002.4 309.4 -89.8 1240.064 1273.221 471.5557 shoemake 2026-01-15 18:37:31 
IRMz67 139.3 -78.6 139.3 -78.6 4.29E-01 002.4 319.7 -89.8 1259.622 1286.907 536.2322 shoemake 2026-01-15 18:39:37 
IRMz17 139.4 -78.7 139.4 -78.7 4.29E-01 002.4 323.5 -89.8 1254.706 1283.500 553.4628 shoemake 2026-01-15 18:43:15 
IRMz00 139.2 -78.7 139.2 -78.7 4.30E-01 002.4 331.8 -89.8 1254.959 1284.557 600.0134 shoemake 2026-01-15 18:46:53 
AFz 16 139.2 -78.7 139.2 -78.7 4.22E-01 002.4 331.5 -89.8 1226.452 1245.976 542.0758 shoemake 2026-01-15 18:48:32 
AFz 32 139.1 -78.7 139.1 -78.7 4.14E-01 002.4 339.8 -89.8 1189.998 1213.691 480.9920 shoemake 2026-01-15 18:50:10 
AFz 50 139.0 -78.7 139.0 -78.7 4.04E-01 002.3 341.0 -89.8 1146.418 1172.280 524.1462 shoemake 2026-01-15 18:51:50 
AFz 66 139.0 -78.7 139.0 -78.7 3.93E-01 002.3 340.9 -89.8 1104.211 1112.128 551.8609 shoemake 2026-01-15 18:53:29 
AFz 87 138.9 -78.7 138.9 -78.7 3.80E-01 002.3 349.3 -89.8 1046.165 1064.472 606.7447 shoemake 2026-01-15 18:55:08 
AFz115 138.8 -78.7 138.8 -78.7 3.64E-01 002.2 352.5 -89.8 984.8973 998.3725 616.6845 shoemake 2026-01-15 18:56:47 
AFz133 138.8 -78.7 138.8 -78.7 3.54E-01 002.1 352.1 -89.8 929.0651 946.6524 550.0952 shoemake 2026-01-15 18:58:25 
AFz153 138.9 -78.7 138.9 -78.7 3.45E-01 002.1 348.9 -89.8 886.7189 899.5758 602.9607 shoemake 2026-01-15 19:00:04 
AFz176 138.9 -78.7 138.9 -78.7 3.33E-01 002.0 348.0 -89.8 833.1637 847.4845 604.4757 shoemake 2026-01-15 19:01:42 
AFz202 138.8 -78.7 138.8 -78.7 3.24E-01 002.0 357.1 -89.8 774.6666 789.6298 657.0157 shoemake 2026-01-15 19:03:22 
AFz232 138.7 -78.7 138.7 -78.7 3.17E-01 001.8 001.1 -89.8 714.0612 729.7454 819.3743 shoemake 2026-01-15 19:05:00 
AFz267 138.6 -78.7 138.6 -78.7 3.13E-01 001.7 003.4 -89.8 652.0555 668.8880 1014.478 shoemake 2026-01-15 19:06:38 
AFz308 138.6 -78.6 138.6 -78.6 3.08E-01 001.6 005.6 -89.9 590.2246 604.9779 826.7619 shoemake 2026-01-15 19:08:17 
AFz354 138.6 -78.6 138.6 -78.6 2.95E-01 001.5 014.0 -89.9 536.6057 550.1120 262.5137 shoemake 2026-01-15 19:09:57 
AFz407 138.6 -78.5 138.6 -78.5 2.72E-01 001.5 030.5 -89.9 490.2421 503.5246 86.44838 shoemake 2026-01-15 19:11:35 
AFz468 138.5 -78.5 138.5 -78.5 2.46E-01 001.5 084.2 -90.0 444.6128 453.3270 71.00015 shoemake 2026-01-15 19:13:14 
AFz538 138.5 -78.4 138.5 -78.4 2.23E-01 001.5 135.6 -89.9 402.8660 413.6225 62.81961 shoemake 2026-01-15 19:14:52 
AFz619 138.4 -78.4 138.4 -78.4 2.01E-01 001.5 151.6 -89.9 364.7814 371.2488 56.41259 shoemake 2026-01-15 19:16:30 
AFz712 138.3 -78.3 138.3 -78.3 1.81E-01 001.5 158.9 -89.8 328.2521 335.5151 51.22086 shoemake 2026-01-15 19:18:09 
AFz819 138.3 -78.2 138.3 -78.2 1.63E-01 001.5 163.6 -89.7 295.3142 302.4547 44.16183 shoemake 2026-01-15 19:19:48 
AFz942 138.2 -78.1 138.2 -78.1 1.46E-01 001.5 165.7 -89.6 265.7663 271.8667 38.33124 shoemake 2026-01-15 19:21:26 
AFz083 138.2 -78.0 138.2 -78.0 1.31E-01 001.5 166.8 -89.5 237.9934 243.8908 34.96456 shoemake 2026-01-15 19:23:05 
AFz246 138.2 -77.9 138.2 -77.9 1.17E-01 001.5 168.6 -89.4 212.6416 218.8871 30.04611 shoemake 2026-01-15 19:24:44 
AFz433 138.2 -77.8 138.2 -77.8 1.04E-01 001.5 171.3 -89.3 188.4040 192.8433 26.28491 shoemake 2026-01-15 19:26:22 
AFz648 138.3 -77.7 138.3 -77.7 9.19E-02 001.5 173.0 -89.2 166.2146 169.9659 22.75772 shoemake 2026-01-15 19:28:01 
AFz895 138.4 -77.6 138.4 -77.6 8.04E-02 001.5 176.4 -89.1 145.2343 148.4217 19.47029 shoemake 2026-01-15 19:29:41 
AFz179 138.6 -77.5 138.6 -77.5 6.95E-02 001.5 178.3 -89.0 125.3381 128.1032 16.52490 shoemake 2026-01-15 19:31:19 
AFz506 138.9 -77.3 138.9 -77.3 5.88E-02 001.5 182.4 -88.8 106.1016 108.4674 13.60649 shoemake 2026-01-15 19:32:58 
AFz882 139.3 -77.2 139.3 -77.2 4.84E-02 001.5 185.4 -88.7 87.17757 89.11781 10.92126 shoemake 2026-01-15 19:34:37 
AFz314 140.0 -76.9 140.0 -76.9 3.81E-02 001.5 190.5 -88.4 68.70466 70.24667 8.351572 shoemake 2026-01-15 19:36:17 
AFz812 141.0 -76.4 141.0 -76.4 2.84E-02 001.5 194.6 -87.9 51.12670 52.19881 5.931482 shoemake 2026-01-15 19:37:58 
AFmax0 141.8 -76.1 141.8 -76.1 2.42E-02 001.5 197.5 -87.5 43.58554 44.59857 4.609289 shoemake 2026-01-15 19:40:19 
