NWF-A- 2E 
        270.0  47.5   0.0   0.0   1.0
NRM    324.7  33.5 324.7  33.5 3.23E-03 005.5 151.2 -07.5 15.11376 26.78318 6.875829 shoemake 2025-12-18 13:39:48 
AF  16 185.5  42.0 185.5  42.0 3.32E-08 021.7 084.7  85.5 0.000773 0.000891 0.001864 shoemake 2025-12-18 13:41:59 
AF  32 014.7 -69.8 014.7 -69.8 3.23E-09 079.4 349.1 -60.1 0.000879 0.000740 0.000063 shoemake 2025-12-18 13:44:09 
AF  50 267.3 -21.5 267.3 -21.5 4.24E-09 081.6 072.3 -12.4 0.000903 0.000860 0.000032 shoemake 2025-12-18 13:46:18 
AF  66 286.6 -27.7 286.6 -27.7 2.30E-09 079.1 078.7 -29.0 0.000701 0.000637 0.000066 shoemake 2025-12-18 13:48:29 
AF  87 139.2 -45.1 139.2 -45.1 3.53E-09 087.0 332.6 -04.6 0.000929 0.000660 0.000043 shoemake 2025-12-18 13:50:39 
AF 115 316.4 -18.9 316.4 -18.9 4.31E-09 068.5 109.2 -45.6 0.000730 0.000716 0.000033 shoemake 2025-12-18 13:52:49 
AF 133 024.9 -58.9 024.9 -58.9 3.20E-09 080.9 325.1 -65.8 0.001036 0.000863 0.000012 shoemake 2025-12-18 13:54:59 
AF 153 344.0 -37.4 344.0 -37.4 7.20E-09 063.3 107.8 -76.2 0.000923 0.000943 0.000064 shoemake 2025-12-18 13:57:09 
AF 176 292.6 -27.3 292.6 -27.3 5.24E-09 069.3 082.7 -33.8 0.000765 0.000737 0.000091 shoemake 2025-12-18 13:59:19 
AF 202 341.0 -08.3 341.0 -08.3 1.04E-08 049.7 149.0 -51.6 0.000858 0.000783 0.000102 shoemake 2025-12-18 14:01:29 
AF 232 318.8 -18.5 318.8 -18.5 9.91E-09 045.9 112.0 -47.6 0.000761 0.000652 0.000113 shoemake 2025-12-18 14:03:38 
AF 267 320.0 -36.7 320.0 -36.7 6.35E-09 059.1 087.3 -58.4 0.000733 0.000742 0.000074 shoemake 2025-12-18 14:05:48 
AF 308 328.5 -51.6 328.5 -51.6 6.99E-09 062.8 055.8 -66.4 0.000998 0.000790 0.000024 shoemake 2025-12-18 14:08:00 
AF 354 353.1 -48.3 353.1 -48.3 1.15E-08 046.9 036.5 -82.1 0.000950 0.000846 0.000034 shoemake 2025-12-18 14:10:10 
AF 407 344.5 -34.0 344.5 -34.0 1.49E-08 046.2 120.5 -75.0 0.001050 0.001049 0.000073 shoemake 2025-12-18 14:12:20 
AF 468 349.7 -48.9 349.7 -48.9 2.14E-08 041.2 043.7 -80.3 0.001241 0.001398 0.000033 shoemake 2025-12-18 14:14:30 
AF 538 351.5 -48.2 351.5 -48.2 2.39E-08 024.3 042.5 -81.7 0.000758 0.000815 0.000085 shoemake 2025-12-18 14:16:41 
AF 619 354.6 -44.1 354.6 -44.1 3.04E-08 030.0 065.2 -85.8 0.001181 0.001325 0.000040 shoemake 2025-12-18 14:18:52 
AF 712 015.9 -57.8 015.9 -57.8 3.70E-08 024.0 332.0 -71.4 0.001200 0.001145 0.000089 shoemake 2025-12-18 14:21:04 
AF 819 355.6 -51.0 355.6 -51.0 4.01E-08 024.3 016.8 -80.9 0.001238 0.001348 0.000093 shoemake 2025-12-18 14:23:18 
AF 940 012.6 -46.1 012.6 -46.1 3.83E-08 023.4 295.4 -79.9 0.001088 0.001240 0.000119 shoemake 2025-12-18 14:25:32 
AFmax0 332.8 -49.4 332.8 -49.4 4.20E-08 019.4 060.5 -70.0 0.001048 0.001158 0.000107 shoemake 2025-12-18 14:27:45 
ARM    349.3 -52.2 349.3 -52.2 4.51E-08 025.1 032.3 -77.9 0.001494 0.001477 0.000088 shoemake 2025-12-18 14:29:18 
ARM  1 183.5  29.6 183.5  29.6 2.25E-08 023.6 014.4  76.5 0.000825 0.000562 0.000103 shoemake 2025-12-18 14:30:53 
ARM  2 184.1  41.8 184.1  41.8 6.79E-08 012.7 079.4  86.6 0.001127 0.001036 0.000183 shoemake 2025-12-18 14:32:29 
ARM  3 183.6  42.0 183.6  42.0 1.09E-07 012.5 080.6  87.0 0.001800 0.001622 0.000229 shoemake 2025-12-18 14:34:05 
ARM  4 181.2  40.9 181.2  40.9 1.43E-07 011.7 035.9  88.0 0.002164 0.002011 0.000228 shoemake 2025-12-18 14:35:41 
ARM  5 182.4  42.8 182.4  42.8 1.72E-07 013.0 100.8  88.0 0.002996 0.002618 0.000284 shoemake 2025-12-18 14:37:17 
ARM  6 180.6  41.5 180.6  41.5 2.00E-07 013.3 033.1  88.8 0.003380 0.003281 0.000306 shoemake 2025-12-18 14:38:53 
ARM  7 181.2  43.5 181.2  43.5 2.22E-07 013.5 134.3  88.5 0.003822 0.003708 0.000354 shoemake 2025-12-18 14:40:28 
ARM  8 181.4  42.4 181.4  42.4 2.45E-07 013.2 086.7  88.7 0.004125 0.003960 0.000305 shoemake 2025-12-18 14:42:04 
ARM  9 180.6  42.9 180.6  42.9 2.59E-07 013.8 124.9  89.2 0.004534 0.004456 0.000348 shoemake 2025-12-18 14:43:40 
ARM 10 181.3  43.2 181.3  43.2 2.87E-07 014.5 120.3  88.6 0.005305 0.005122 0.000420 shoemake 2025-12-18 14:45:16 
AFz 16 180.5  42.9 180.5  42.9 2.79E-07 013.6 123.7  89.2 0.004736 0.004788 0.000425 shoemake 2025-12-18 14:46:49 
AFz 32 180.9  42.8 180.9  42.8 2.72E-07 014.1 110.3  89.0 0.004824 0.004854 0.000382 shoemake 2025-12-18 14:48:22 
AFz 50 181.1  42.9 181.1  42.9 2.65E-07 013.3 110.3  88.9 0.004422 0.004448 0.000379 shoemake 2025-12-18 14:49:55 
AFz 66 180.6  43.0 180.6  43.0 2.58E-07 012.9 130.3  89.1 0.004149 0.004170 0.000412 shoemake 2025-12-18 14:51:28 
AFz 87 182.1  43.3 182.1  43.3 2.48E-07 013.3 115.6  88.0 0.004302 0.003987 0.000360 shoemake 2025-12-18 14:53:00 
AFz115 180.6  42.5 180.6  42.5 2.34E-07 013.5 089.4  89.3 0.003989 0.003943 0.000367 shoemake 2025-12-18 14:54:33 
AFz133 182.2  42.7 182.2  42.7 2.22E-07 014.8 098.6  88.2 0.004287 0.003962 0.000328 shoemake 2025-12-18 14:56:06 
AFz153 181.4  42.5 181.4  42.5 2.12E-07 014.0 092.1  88.7 0.003676 0.003770 0.000336 shoemake 2025-12-18 14:57:39 
AFz176 181.4  42.6 181.4  42.6 1.98E-07 014.4 097.2  88.7 0.003622 0.003549 0.000287 shoemake 2025-12-18 14:59:11 
AFz202 182.5  42.4 182.5  42.4 1.89E-07 013.0 087.0  87.9 0.003168 0.002987 0.000280 shoemake 2025-12-18 15:00:45 
AFz232 182.7  42.6 182.7  42.6 1.73E-07 012.7 094.3  87.7 0.002963 0.002518 0.000254 shoemake 2025-12-18 15:02:17 
AFz267 181.1  41.1 181.1  41.1 1.55E-07 014.9 036.5  88.3 0.002789 0.003027 0.000219 shoemake 2025-12-18 15:03:50 
AFz308 182.6  41.4 182.6  41.4 1.36E-07 013.1 063.0  87.5 0.002263 0.002213 0.000221 shoemake 2025-12-18 15:05:23 
AFz354 184.9  40.6 184.9  40.6 1.20E-07 012.7 065.5  85.6 0.002071 0.001739 0.000195 shoemake 2025-12-18 15:06:56 
AFz407 184.2  40.9 184.2  40.9 1.02E-07 014.2 065.6  86.2 0.001850 0.001809 0.000183 shoemake 2025-12-18 15:08:29 
AFz468 187.2  40.0 187.2  40.0 8.00E-08 013.5 069.0  83.8 0.001519 0.001175 0.000148 shoemake 2025-12-18 15:10:01 
AFz538 187.2  40.5 187.2  40.5 5.78E-08 017.1 072.8  83.9 0.001386 0.001087 0.000135 shoemake 2025-12-18 15:11:34 
AFz619 193.7  30.9 193.7  30.9 3.37E-08 021.0 048.5  73.7 0.001043 0.000772 0.000103 shoemake 2025-12-18 15:13:07 
AFz712 200.0  18.0 200.0  18.0 1.52E-08 033.2 041.4  59.7 0.000847 0.000519 0.000106 shoemake 2025-12-18 15:14:39 
AFz819 245.1 -65.6 245.1 -65.6 7.01E-09 068.8 025.5 -28.8 0.000840 0.000897 0.000088 shoemake 2025-12-18 15:16:12 
AFz942 336.4 -54.7 336.4 -54.7 2.89E-08 025.1 043.3 -70.3 0.000900 0.001063 0.000105 shoemake 2025-12-18 15:17:45 
AFz083 343.2 -53.2 343.2 -53.2 3.53E-08 022.9 039.9 -74.5 0.000965 0.001205 0.000117 shoemake 2025-12-18 15:19:18 
AFz246 350.5 -53.1 350.5 -53.1 4.10E-08 024.2 026.9 -77.6 0.001294 0.001306 0.000059 shoemake 2025-12-18 15:20:51 
AFz433 350.8 -52.4 350.8 -52.4 3.77E-08 024.7 028.0 -78.3 0.001175 0.001308 0.000104 shoemake 2025-12-18 15:22:24 
AFz648 344.2 -55.2 344.2 -55.2 3.64E-08 024.6 033.1 -73.6 0.001186 0.001211 0.000067 shoemake 2025-12-18 15:23:57 
AFz895 337.9 -51.9 337.9 -51.9 3.97E-08 025.7 050.0 -72.5 0.001427 0.001312 0.000139 shoemake 2025-12-18 15:25:30 
AFz179 351.8 -53.1 351.8 -53.1 4.43E-08 020.6 023.7 -78.0 0.001169 0.001207 0.000070 shoemake 2025-12-18 15:27:03 
AFz506 341.7 -47.6 341.7 -47.6 4.64E-08 022.7 061.8 -76.2 0.001353 0.001392 0.000130 shoemake 2025-12-18 15:28:36 
AFz882 337.2 -54.3 337.2 -54.3 3.69E-08 026.2 043.6 -71.0 0.001378 0.001177 0.000030 shoemake 2025-12-18 15:30:10 
AFz314 335.6 -48.4 335.6 -48.4 3.89E-08 021.5 062.5 -72.0 0.001160 0.001043 0.000090 shoemake 2025-12-18 15:31:44 
AFz812 337.4 -45.9 337.4 -45.9 4.56E-08 021.6 070.4 -73.6 0.001228 0.001405 0.000127 shoemake 2025-12-18 15:33:18 
AFmax0 336.1 -53.3 336.1 -53.3 4.05E-08 021.1 047.4 -70.9 0.001140 0.001151 0.000079 shoemake 2025-12-18 15:35:32 
IRMz   339.4 -53.2 339.4 -53.2 4.10E-08 023.0 044.7 -72.7 0.001316 0.001165 0.000082 shoemake 2025-12-18 15:37:13 
AFmax0 336.5 -47.2 336.5 -47.2 4.53E-08 021.1 065.9 -72.8 0.001283 0.001264 0.000077 shoemake 2025-12-18 15:39:27 
IRMz00 358.9 -44.7 358.9 -44.7 1.79E-06 013.9 014.8 -87.8 0.030887 0.031426 0.002292 shoemake 2025-12-18 15:41:15 
AFz 16 358.9 -44.7 358.9 -44.7 1.73E-06 013.8 014.4 -87.7 0.029557 0.030362 0.002295 shoemake 2025-12-18 15:42:49 
AFz 32 359.1 -44.7 359.1 -44.7 1.66E-06 013.8 010.2 -87.7 0.028490 0.028982 0.002194 shoemake 2025-12-18 15:44:22 
AFz 50 359.2 -44.7 359.2 -44.7 1.59E-06 013.9 009.7 -87.8 0.027423 0.028212 0.002085 shoemake 2025-12-18 15:45:55 
AFz 66 359.1 -44.8 359.1 -44.8 1.52E-06 013.9 010.5 -87.6 0.026246 0.026961 0.002041 shoemake 2025-12-18 15:47:28 
AFz 87 359.3 -44.8 359.3 -44.8 1.43E-06 013.9 006.3 -87.6 0.024744 0.025190 0.001916 shoemake 2025-12-18 15:49:02 
AFz115 359.3 -44.7 359.3 -44.7 1.32E-06 014.1 007.6 -87.8 0.023147 0.023698 0.001715 shoemake 2025-12-18 15:50:34 
AFz133 359.2 -44.8 359.2 -44.8 1.25E-06 014.0 009.3 -87.7 0.021625 0.022261 0.001640 shoemake 2025-12-18 15:52:07 
AFz153 359.2 -44.8 359.2 -44.8 1.18E-06 014.1 007.9 -87.6 0.020478 0.021321 0.001535 shoemake 2025-12-18 15:53:41 
AFz176 359.1 -45.0 359.1 -45.0 1.10E-06 014.4 010.1 -87.4 0.019415 0.020118 0.001397 shoemake 2025-12-18 15:55:15 
AFz202 359.4 -45.2 359.4 -45.2 1.00E-06 014.5 005.2 -87.3 0.018075 0.018494 0.001236 shoemake 2025-12-18 15:56:48 
AFz232 359.3 -45.0 359.3 -45.0 9.06E-07 014.3 005.7 -87.4 0.016145 0.016494 0.001040 shoemake 2025-12-18 15:58:21 
AFz267 358.5 -45.2 358.5 -45.2 7.96E-07 014.3 017.4 -87.1 0.014150 0.014472 0.000966 shoemake 2025-12-18 15:59:53 
AFz308 358.7 -45.4 358.7 -45.4 6.78E-07 014.6 014.3 -87.0 0.012092 0.012716 0.000793 shoemake 2025-12-18 16:01:26 
AFz354 359.2 -45.4 359.2 -45.4 5.64E-07 014.5 006.2 -87.1 0.010287 0.010318 0.000644 shoemake 2025-12-18 16:03:00 
AFz407 358.0 -45.2 358.0 -45.2 4.63E-07 014.8 024.1 -87.0 0.008399 0.008876 0.000486 shoemake 2025-12-18 16:04:33 
AFz468 358.1 -45.2 358.1 -45.2 3.61E-07 015.1 022.2 -87.0 0.006669 0.007057 0.000387 shoemake 2025-12-18 16:06:06 
AFz538 356.2 -45.8 356.2 -45.8 2.63E-07 015.5 035.9 -85.8 0.004901 0.005410 0.000292 shoemake 2025-12-18 16:07:40 
AFz619 355.9 -45.8 355.9 -45.8 1.88E-07 017.5 037.8 -85.7 0.003956 0.004350 0.000205 shoemake 2025-12-18 16:09:13 
AFz712 355.3 -48.3 355.3 -48.3 1.23E-07 016.0 026.3 -83.3 0.002488 0.002499 0.000116 shoemake 2025-12-18 16:10:46 
AFz819 350.6 -49.5 350.6 -49.5 7.74E-08 018.7 038.7 -80.5 0.001739 0.001989 0.000128 shoemake 2025-12-18 16:12:20 
AFz942 354.5 -43.7 354.5 -43.7 5.50E-08 020.4 070.3 -85.9 0.001271 0.001606 0.000136 shoemake 2025-12-18 16:13:53 
AFz083 347.4 -49.7 347.4 -49.7 4.33E-08 023.8 045.7 -78.7 0.001408 0.001300 0.000108 shoemake 2025-12-18 16:15:26 
AFz246 340.6 -50.3 340.6 -50.3 4.78E-08 017.5 052.8 -74.6 0.001070 0.001139 0.000097 shoemake 2025-12-18 16:16:59 
AFz433 343.6 -42.9 343.6 -42.9 5.10E-08 014.6 082.5 -78.0 0.000830 0.001092 0.000129 shoemake 2025-12-18 16:18:32 
AFz648 342.4 -44.7 342.4 -44.7 5.30E-08 016.4 074.0 -77.2 0.000990 0.001240 0.000176 shoemake 2025-12-18 16:20:05 
AFz895 351.3 -52.2 351.3 -52.2 4.56E-08 022.6 027.1 -78.6 0.001336 0.001363 0.000146 shoemake 2025-12-18 16:21:39 
AFz179 353.8 -50.0 353.8 -50.0 5.50E-08 015.5 026.2 -81.4 0.001150 0.001004 0.000090 shoemake 2025-12-18 16:23:13 
AFz506 349.4 -45.6 349.4 -45.6 5.39E-08 016.5 063.5 -81.8 0.001006 0.001256 0.000180 shoemake 2025-12-18 16:24:46 
AFz882 339.7 -45.4 339.7 -45.4 4.54E-08 016.0 071.8 -75.2 0.001015 0.000849 0.000119 shoemake 2025-12-18 16:26:21 
AFz314 355.0 -53.6 355.0 -53.6 4.43E-08 025.6 013.9 -78.3 0.001361 0.001629 0.000079 shoemake 2025-12-18 16:27:55 
AFz812 351.3 -50.9 351.3 -50.9 5.19E-08 019.2 031.4 -79.8 0.001297 0.001268 0.000082 shoemake 2025-12-18 16:29:29 
AFmax0 341.9 -41.4 341.9 -41.4 4.55E-08 024.5 088.8 -76.6 0.001446 0.001530 0.000170 shoemake 2025-12-18 16:31:42 
IRMz   345.2 -37.8 345.2 -37.8 4.53E-08 022.1 108.3 -77.8 0.001289 0.001329 0.000173 shoemake 2025-12-18 16:33:24 
AFmax0 344.8 -48.4 344.8 -48.4 4.70E-08 018.7 055.3 -77.9 0.001023 0.001285 0.000095 shoemake 2025-12-18 16:35:38 
IRMz57 351.5 -47.3 351.5 -47.3 7.30E-08 015.8 047.3 -82.4 0.001319 0.001606 0.000059 shoemake 2025-12-18 16:37:32 
IRMz76 351.8 -47.1 351.8 -47.1 9.42E-08 014.3 048.0 -82.7 0.001607 0.001781 0.000092 shoemake 2025-12-18 16:39:28 
IRMz00 353.5 -46.2 353.5 -46.2 1.16E-07 013.2 048.5 -84.2 0.001910 0.001908 0.000119 shoemake 2025-12-18 16:41:09 
IRMz33 354.2 -45.5 354.2 -45.5 1.71E-07 012.9 051.4 -85.0 0.002701 0.002817 0.000182 shoemake 2025-12-18 16:42:51 
IRMz53 355.2 -45.9 355.2 -45.9 2.06E-07 013.0 041.7 -85.3 0.003290 0.003447 0.000213 shoemake 2025-12-18 16:44:32 
IRMz76 356.2 -45.2 356.2 -45.2 2.49E-07 013.1 042.3 -86.3 0.003981 0.004202 0.000236 shoemake 2025-12-18 16:46:17 
IRMz02 356.8 -45.0 356.8 -45.0 2.98E-07 012.6 038.5 -86.7 0.004630 0.004759 0.000305 shoemake 2025-12-18 16:48:01 
IRMz32 357.2 -44.6 357.2 -44.6 3.57E-07 013.5 039.7 -87.2 0.005920 0.006131 0.000444 shoemake 2025-12-18 16:49:45 
IRMz67 358.0 -44.8 358.0 -44.8 4.31E-07 012.6 027.7 -87.4 0.006764 0.006794 0.000538 shoemake 2025-12-18 16:51:28 
IRMz08 358.0 -44.8 358.0 -44.8 5.26E-07 013.0 027.6 -87.4 0.008359 0.008715 0.000647 shoemake 2025-12-18 16:53:14 
IRMz54 358.1 -44.6 358.1 -44.6 6.20E-07 012.9 028.1 -87.6 0.009907 0.010042 0.000795 shoemake 2025-12-18 16:55:01 
IRMz07 358.3 -44.6 358.3 -44.6 7.29E-07 013.2 024.7 -87.7 0.011963 0.012167 0.000913 shoemake 2025-12-18 16:56:47 
IRMz68 358.4 -44.4 358.4 -44.4 8.67E-07 013.6 025.9 -87.9 0.014557 0.014966 0.001095 shoemake 2025-12-18 16:58:34 
IRMz38 358.5 -44.5 358.5 -44.5 1.03E-06 013.6 023.5 -87.8 0.017199 0.017792 0.001308 shoemake 2025-12-18 17:00:19 
IRMz19 358.6 -44.6 358.6 -44.6 1.20E-06 013.6 020.5 -87.8 0.020259 0.020721 0.001529 shoemake 2025-12-18 17:02:07 
IRMz12 358.8 -44.7 358.8 -44.7 1.40E-06 013.4 015.1 -87.7 0.023266 0.023894 0.001788 shoemake 2025-12-18 17:03:55 
IRMz19 358.8 -44.7 358.8 -44.7 1.60E-06 013.5 016.5 -87.7 0.026737 0.027285 0.002040 shoemake 2025-12-18 17:05:43 
IRMz42 358.8 -44.8 358.8 -44.8 1.80E-06 013.7 014.9 -87.6 0.030555 0.031208 0.002288 shoemake 2025-12-18 17:07:32 
IRMz83 358.9 -44.8 358.9 -44.8 1.99E-06 014.0 013.7 -87.6 0.034506 0.035387 0.002454 shoemake 2025-12-18 17:09:19 
IRMz46 359.0 -44.9 359.0 -44.9 2.16E-06 014.4 011.3 -87.5 0.038588 0.039434 0.002624 shoemake 2025-12-18 17:11:07 
IRMz33 359.0 -45.0 359.0 -45.0 2.31E-06 014.5 010.7 -87.5 0.041745 0.042652 0.002814 shoemake 2025-12-18 17:12:55 
IRMz48 359.2 -45.0 359.2 -45.0 2.43E-06 015.0 007.9 -87.5 0.045342 0.046322 0.002893 shoemake 2025-12-18 17:14:44 
IRMz95 359.2 -45.1 359.2 -45.1 2.53E-06 015.3 008.2 -87.4 0.048235 0.049060 0.002973 shoemake 2025-12-18 17:16:32 
IRMz79 359.3 -45.2 359.3 -45.2 2.61E-06 015.8 006.5 -87.3 0.051298 0.052735 0.003003 shoemake 2025-12-18 17:18:21 
IRMz06 359.3 -45.4 359.3 -45.4 2.68E-06 016.1 005.4 -87.1 0.053772 0.054854 0.003029 shoemake 2025-12-18 17:20:08 
IRMz82 359.3 -45.5 359.3 -45.5 2.73E-06 016.3 005.2 -87.0 0.055800 0.056750 0.002992 shoemake 2025-12-18 17:21:56 
IRMz14 359.3 -45.4 359.3 -45.4 2.78E-06 016.6 005.3 -87.0 0.057720 0.058853 0.003035 shoemake 2025-12-18 17:23:44 
IRMz12 359.4 -45.6 359.4 -45.6 2.82E-06 016.7 003.4 -86.9 0.059368 0.060324 0.003021 shoemake 2025-12-18 17:25:33 
IRMz83 359.3 -45.6 359.3 -45.6 2.87E-06 017.0 005.2 -86.9 0.060998 0.062061 0.003051 shoemake 2025-12-18 17:27:23 
IRMz41 359.3 -45.5 359.3 -45.5 2.90E-06 017.0 005.0 -87.0 0.061890 0.063086 0.003108 shoemake 2025-12-18 17:29:15 
IRMz97 359.3 -45.5 359.3 -45.5 2.94E-06 017.2 005.2 -87.0 0.063581 0.064351 0.003112 shoemake 2025-12-18 17:31:11 
IRMz67 359.3 -45.5 359.3 -45.5 2.95E-06 017.3 005.0 -87.0 0.064194 0.065107 0.003154 shoemake 2025-12-18 17:33:12 
IRMz67 359.2 -45.6 359.2 -45.6 2.97E-06 017.3 005.9 -86.9 0.064407 0.065716 0.003222 shoemake 2025-12-18 17:35:22 
IRMz17 359.2 -45.7 359.2 -45.7 2.99E-06 017.4 005.7 -86.8 0.065424 0.066434 0.003204 shoemake 2025-12-18 17:38:54 
IRMz00 359.3 -45.7 359.3 -45.7 3.00E-06 017.3 005.5 -86.8 0.065305 0.066256 0.003213 shoemake 2025-12-18 17:42:27 
AFz 16 359.4 -45.6 359.4 -45.6 2.93E-06 017.4 004.3 -86.8 0.064047 0.065003 0.003234 shoemake 2025-12-18 17:44:00 
AFz 32 359.5 -45.7 359.5 -45.7 2.86E-06 017.6 002.7 -86.8 0.063008 0.064158 0.003041 shoemake 2025-12-18 17:45:34 
AFz 50 359.5 -45.8 359.5 -45.8 2.77E-06 017.6 002.1 -86.7 0.061436 0.062157 0.003024 shoemake 2025-12-18 17:47:07 
AFz 66 359.5 -45.8 359.5 -45.8 2.69E-06 017.8 002.0 -86.7 0.060449 0.060982 0.002903 shoemake 2025-12-18 17:48:40 
AFz 87 359.5 -45.8 359.5 -45.8 2.58E-06 017.9 002.0 -86.7 0.058283 0.059292 0.002810 shoemake 2025-12-18 17:50:13 
AFz115 359.5 -45.9 359.5 -45.9 2.45E-06 018.2 002.4 -86.6 0.056135 0.057009 0.002501 shoemake 2025-12-18 17:51:46 
AFz133 359.5 -46.0 359.5 -46.0 2.37E-06 018.2 002.0 -86.5 0.054475 0.055334 0.002499 shoemake 2025-12-18 17:53:20 
AFz153 359.6 -46.0 359.6 -46.0 2.28E-06 018.6 000.7 -86.5 0.053538 0.054370 0.002367 shoemake 2025-12-18 17:54:53 
AFz176 359.7 -46.0 359.7 -46.0 2.18E-06 018.7 000.0 -86.5 0.051441 0.052285 0.002212 shoemake 2025-12-18 17:56:27 
AFz202 359.7 -46.2 359.7 -46.2 2.07E-06 018.8 000.0 -86.3 0.048984 0.050022 0.002084 shoemake 2025-12-18 17:58:01 
AFz232 359.6 -46.3 359.6 -46.3 1.94E-06 019.1 000.7 -86.2 0.046862 0.047887 0.001868 shoemake 2025-12-18 17:59:34 
AFz267 359.6 -46.4 359.6 -46.4 1.80E-06 019.4 001.3 -86.1 0.044070 0.044978 0.001770 shoemake 2025-12-18 18:01:07 
AFz308 359.6 -46.3 359.6 -46.3 1.65E-06 019.8 001.1 -86.2 0.041426 0.042058 0.001589 shoemake 2025-12-18 18:02:40 
AFz354 359.5 -46.5 359.5 -46.5 1.49E-06 020.3 001.7 -86.0 0.038575 0.039210 0.001376 shoemake 2025-12-18 18:04:13 
AFz407 359.5 -46.6 359.5 -46.6 1.35E-06 020.8 002.2 -85.9 0.035822 0.036360 0.001285 shoemake 2025-12-18 18:05:46 
AFz468 359.5 -46.9 359.5 -46.9 1.20E-06 021.5 001.4 -85.6 0.032995 0.033426 0.001159 shoemake 2025-12-18 18:07:19 
AFz538 359.6 -47.2 359.6 -47.2 1.06E-06 022.1 001.0 -85.3 0.029826 0.030450 0.001116 shoemake 2025-12-18 18:08:52 
AFz619 359.2 -47.1 359.2 -47.1 9.18E-07 022.7 004.6 -85.4 0.026693 0.027293 0.001028 shoemake 2025-12-18 18:10:25 
AFz712 359.3 -47.0 359.3 -47.0 7.98E-07 023.8 003.7 -85.4 0.024524 0.024725 0.000972 shoemake 2025-12-18 18:11:58 
AFz819 358.8 -47.5 358.8 -47.5 6.97E-07 024.0 007.1 -85.0 0.021568 0.021854 0.000873 shoemake 2025-12-18 18:13:30 
AFz942 358.9 -47.5 358.9 -47.5 6.00E-07 024.4 006.6 -85.0 0.018824 0.019340 0.000800 shoemake 2025-12-18 18:15:02 
AFz083 358.5 -47.8 358.5 -47.8 5.15E-07 024.9 008.7 -84.7 0.016530 0.017011 0.000713 shoemake 2025-12-18 18:16:33 
AFz246 358.3 -47.2 358.3 -47.2 4.57E-07 024.3 011.5 -85.2 0.014349 0.014594 0.000602 shoemake 2025-12-18 18:18:04 
AFz433 357.2 -48.2 357.2 -48.2 3.99E-07 024.7 016.2 -84.0 0.012714 0.013039 0.000553 shoemake 2025-12-18 18:19:36 
AFz648 357.0 -47.6 357.0 -47.6 3.45E-07 024.1 019.9 -84.6 0.010810 0.010836 0.000429 shoemake 2025-12-18 18:21:08 
AFz895 356.5 -47.4 356.5 -47.4 3.14E-07 023.1 024.1 -84.6 0.009194 0.009530 0.000329 shoemake 2025-12-18 18:22:40 
AFz179 354.5 -45.8 354.5 -45.8 2.71E-07 022.9 046.3 -85.0 0.007911 0.008162 0.000286 shoemake 2025-12-18 18:24:12 
AFz506 354.6 -46.8 354.6 -46.8 2.26E-07 023.0 038.0 -84.3 0.006500 0.006913 0.000187 shoemake 2025-12-18 18:25:44 
AFz882 354.7 -46.2 354.7 -46.2 2.06E-07 022.2 042.1 -84.8 0.005777 0.006012 0.000165 shoemake 2025-12-18 18:27:17 
AFz314 351.1 -46.4 351.1 -46.4 1.71E-07 022.3 055.0 -82.7 0.004792 0.005055 0.000173 shoemake 2025-12-18 18:28:50 
AFz812 352.3 -48.0 352.3 -48.0 1.39E-07 022.9 041.1 -82.4 0.003987 0.004258 0.000123 shoemake 2025-12-18 18:30:24 
AFmax0 349.8 -48.5 349.8 -48.5 1.34E-07 020.6 045.4 -80.8 0.003496 0.003595 0.000095 shoemake 2025-12-18 18:32:36 
NRM    323.8  33.4 323.8  33.4 3.25E-03 000.9 150.5 -07.3 3.000590 1.486386 4.887153 shoemake 2025-12-29 15:12:35 
AF  16 032.6  34.2 032.6  34.2 3.24E-03 006.1 206.9 -07.6 16.51797 30.23438 3.812251 shoemake 2025-12-29 15:14:44 
AF  32 158.4  52.2 158.4  52.2 1.20E-08 020.6 228.4  72.2 0.000123 0.000478 0.000040 shoemake 2025-12-29 15:16:55 
AF  50 170.2  43.2 170.2  43.2 1.09E-08 044.7 261.2  82.5 0.000697 0.000852 0.000076 shoemake 2025-12-29 15:19:06 
AF  66 192.7  51.7 192.7  51.7 1.17E-08 029.4 140.5  76.8 0.000576 0.000368 0.000039 shoemake 2025-12-29 15:21:16 
AF  87 179.1  61.2 179.1  61.2 1.22E-08 035.0 180.8  70.8 0.000557 0.000681 0.000080 shoemake 2025-12-29 15:23:27 
AF 115 180.7  65.0 180.7  65.0 1.22E-08 021.7 178.9  67.1 0.000448 0.000211 0.000098 shoemake 2025-12-29 15:25:38 
AF 133 174.8  60.9 174.8  60.9 1.16E-08 042.3 187.5  70.9 0.000769 0.000704 0.000079 shoemake 2025-12-29 15:27:49 
AF 153 162.9  54.0 162.9  54.0 1.25E-08 022.5 218.3  73.6 0.000248 0.000506 0.000088 shoemake 2025-12-29 15:30:00 
AF 176 170.3  63.6 170.3  63.6 1.29E-08 020.4 191.3  67.8 0.000350 0.000378 0.000073 shoemake 2025-12-29 15:32:11 
AF 202 146.0  81.4 146.0  81.4 1.14E-08 028.1 187.4  49.1 0.000497 0.000508 0.000072 shoemake 2025-12-29 15:34:21 
AF 232 104.0  68.3 104.0  68.3 1.27E-08 020.6 209.9  43.7 0.000273 0.000475 0.000103 shoemake 2025-12-29 15:36:32 
AF 267 169.3  62.7 169.3  62.7 1.08E-08 037.2 193.3  68.4 0.000569 0.000564 0.000093 shoemake 2025-12-29 15:38:43 
AF 308 081.8  56.3 081.8  56.3 8.48E-09 033.6 219.6  30.1 0.000359 0.000529 0.000116 shoemake 2025-12-29 15:40:55 
AF 354 166.3  81.1 166.3  81.1 1.23E-08 028.3 183.3  50.7 0.000565 0.000451 0.000092 shoemake 2025-12-29 15:43:07 
AF 407 112.0  62.0 112.0  62.0 1.05E-08 025.6 219.3  46.3 0.000255 0.000497 0.000060 shoemake 2025-12-29 15:45:20 
AF 468 109.5  54.8 109.5  54.8 1.60E-08 015.0 229.1  43.8 0.000083 0.000532 0.000083 shoemake 2025-12-29 15:47:32 
AF 538 127.1  56.8 127.1  56.8 1.55E-08 019.7 228.0  53.8 0.000335 0.000599 0.000065 shoemake 2025-12-29 15:49:45 
AF 619 079.4  65.4 079.4  65.4 1.17E-08 034.7 209.6  33.8 0.000545 0.000694 0.000112 shoemake 2025-12-29 15:51:58 
AF 712 069.3  72.4 069.3  72.4 1.96E-08 034.0 200.1  34.3 0.000934 0.001027 0.000169 shoemake 2025-12-29 15:54:12 
AF 819 102.2  72.0 102.2  72.0 1.37E-08 029.2 204.7  43.5 0.000383 0.000776 0.000077 shoemake 2025-12-29 15:56:27 
AF 940 131.2  54.9 131.2  54.9 1.38E-08 034.0 231.2  56.1 0.000664 0.000675 0.000060 shoemake 2025-12-29 15:58:43 
AFmax0 090.2  73.3 090.2  73.3 1.22E-08 021.1 202.2  40.1 0.000301 0.000493 0.000103 shoemake 2025-12-29 16:00:58 
ARM    086.7  49.4 086.7  49.4 1.60E-08 018.1 228.1  29.1 0.000291 0.000560 0.000133 shoemake 2025-12-29 16:02:33 
ARM  1 178.2  47.2 178.2  47.2 7.67E-08 013.3 192.1  85.1 0.001077 0.001469 0.000087 shoemake 2025-12-29 16:04:10 
ARM  2 176.2  46.0 176.2  46.0 1.27E-07 015.0 214.0  85.7 0.002359 0.002421 0.000097 shoemake 2025-12-29 16:05:47 
ARM  3 177.5  45.7 177.5  45.7 1.72E-07 013.4 205.6  86.4 0.002876 0.002868 0.000138 shoemake 2025-12-29 16:07:25 
ARM  4 177.8  47.0 177.8  47.0 2.03E-07 013.2 196.1  85.2 0.003146 0.003536 0.000148 shoemake 2025-12-29 16:09:02 
ARM  5 177.1  46.2 177.1  46.2 2.41E-07 013.1 205.5  85.8 0.003755 0.004120 0.000194 shoemake 2025-12-29 16:10:40 
ARM  6 178.3  45.9 178.3  45.9 2.63E-07 012.4 196.4  86.5 0.003872 0.004275 0.000225 shoemake 2025-12-29 16:12:17 
ARM  7 177.4  45.7 177.4  45.7 2.85E-07 011.9 206.4  86.4 0.004112 0.004339 0.000212 shoemake 2025-12-29 16:13:54 
ARM  8 177.2  45.2 177.2  45.2 3.13E-07 012.0 212.7  86.7 0.004409 0.004981 0.000307 shoemake 2025-12-29 16:15:32 
ARM  9 177.7  45.8 177.7  45.8 3.34E-07 011.4 202.7  86.4 0.004575 0.004921 0.000297 shoemake 2025-12-29 16:17:09 
ARM 10 178.3  45.6 178.3  45.6 3.56E-07 012.0 198.0  86.7 0.005114 0.005592 0.000325 shoemake 2025-12-29 16:18:47 
AFz 16 178.6  45.7 178.6  45.7 3.48E-07 012.5 193.8  86.7 0.005195 0.005701 0.000329 shoemake 2025-12-29 16:20:21 
AFz 32 178.8  45.2 178.8  45.2 3.41E-07 012.5 192.8  87.2 0.005131 0.005511 0.000299 shoemake 2025-12-29 16:21:56 
AFz 50 178.6  45.4 178.6  45.4 3.33E-07 012.4 194.5  87.0 0.004996 0.005300 0.000298 shoemake 2025-12-29 16:23:30 
AFz 66 177.5  45.5 177.5  45.5 3.25E-07 012.5 206.8  86.6 0.004955 0.005243 0.000324 shoemake 2025-12-29 16:25:04 
AFz 87 178.1  45.5 178.1  45.5 3.15E-07 012.6 200.4  86.8 0.004832 0.005114 0.000314 shoemake 2025-12-29 16:26:38 
AFz115 177.4  46.1 177.4  46.1 3.01E-07 012.8 203.4  86.0 0.004851 0.004844 0.000265 shoemake 2025-12-29 16:28:11 
AFz133 178.1  45.7 178.1  45.7 2.90E-07 012.7 198.8  86.6 0.004178 0.004985 0.000296 shoemake 2025-12-29 16:29:44 
AFz153 177.3  46.2 177.3  46.2 2.76E-07 012.6 204.5  85.9 0.004388 0.004328 0.000248 shoemake 2025-12-29 16:31:18 
AFz176 177.5  47.0 177.5  47.0 2.65E-07 013.3 198.8  85.2 0.004208 0.004589 0.000265 shoemake 2025-12-29 16:32:52 
AFz202 177.2  46.9 177.2  46.9 2.49E-07 012.7 201.1  85.2 0.003938 0.003981 0.000266 shoemake 2025-12-29 16:34:25 
AFz232 177.7  46.8 177.7  46.8 2.33E-07 013.2 198.2  85.5 0.003952 0.003776 0.000197 shoemake 2025-12-29 16:35:59 
AFz267 177.0  47.4 177.0  47.4 2.16E-07 012.8 200.2  84.8 0.003320 0.003622 0.000168 shoemake 2025-12-29 16:37:32 
AFz308 176.8  47.3 176.8  47.3 1.97E-07 013.3 201.8  84.7 0.003374 0.003192 0.000154 shoemake 2025-12-29 16:39:05 
AFz354 176.2  47.9 176.2  47.9 1.76E-07 013.7 203.3  84.1 0.003022 0.003016 0.000141 shoemake 2025-12-29 16:40:38 
AFz407 175.2  49.4 175.2  49.4 1.53E-07 013.7 202.9  82.4 0.002474 0.002776 0.000109 shoemake 2025-12-29 16:42:12 
AFz468 174.4  49.3 174.4  49.3 1.32E-07 014.3 206.6  82.2 0.002039 0.002670 0.000109 shoemake 2025-12-29 16:43:45 
AFz538 175.3  51.3 175.3  51.3 1.11E-07 015.2 197.2  80.7 0.001923 0.002314 0.000136 shoemake 2025-12-29 16:45:18 
AFz619 176.1  48.6 176.1  48.6 9.40E-08 014.5 201.2  83.4 0.001400 0.001991 0.000084 shoemake 2025-12-29 16:46:51 
AFz712 173.5  54.2 173.5  54.2 6.13E-08 018.3 197.3  77.5 0.001263 0.001584 0.000097 shoemake 2025-12-29 16:48:25 
AFz819 167.2  57.5 167.2  57.5 4.64E-08 016.2 203.5  73.0 0.000891 0.001030 0.000092 shoemake 2025-12-29 16:49:58 
AFz942 150.9  64.3 150.9  64.3 2.71E-08 021.9 207.0  62.5 0.000735 0.000909 0.000101 shoemake 2025-12-29 16:51:31 
AFz083 112.1  57.1 112.1  57.1 1.85E-08 027.6 226.3  45.8 0.000744 0.000724 0.000106 shoemake 2025-12-29 16:53:04 
AFz246 081.6  55.5 081.6  55.5 1.25E-08 045.0 220.3  29.6 0.000907 0.000809 0.000127 shoemake 2025-12-29 16:54:37 
AFz433 039.1  48.3 039.1  48.3 1.57E-08 027.1 205.2  07.2 0.000678 0.000679 0.000138 shoemake 2025-12-29 16:56:11 
AFz648 092.5  58.9 092.5  58.9 1.28E-08 035.4 220.0  36.4 0.000597 0.000745 0.000143 shoemake 2025-12-29 16:57:44 
AFz895 046.1  54.1 046.1  54.1 1.79E-08 019.4 206.0  14.4 0.000575 0.000493 0.000129 shoemake 2025-12-29 16:59:17 
AFz179 090.7  51.2 090.7  51.2 1.42E-08 032.9 227.8  32.1 0.000713 0.000658 0.000135 shoemake 2025-12-29 17:00:50 
AFz506 165.3  60.9 165.3  60.9 1.71E-08 026.0 200.3  69.3 0.000495 0.000720 0.000101 shoemake 2025-12-29 17:02:24 
AFz882 073.0  56.5 073.0  56.5 1.88E-08 014.0 216.2  26.4 0.000186 0.000516 0.000137 shoemake 2025-12-29 17:03:58 
AFz314 128.1  30.5 128.1  30.5 1.31E-08 016.6 268.9  47.2 0.000284 0.000411 0.000051 shoemake 2025-12-29 17:05:32 
AFz812 100.4  64.9 100.4  64.9 1.63E-08 025.8 214.2  41.8 0.000630 0.000556 0.000091 shoemake 2025-12-29 17:07:07 
AFmax0 140.8  53.0 140.8  53.0 1.88E-08 024.8 234.1  62.0 0.000425 0.000810 0.000078 shoemake 2025-12-29 17:09:22 
IRMz   139.6  51.6 139.6  51.6 2.16E-08 017.9 237.2  61.4 0.000464 0.000591 0.000099 shoemake 2025-12-29 17:11:05 
AFmax0 113.5  49.2 113.5  49.2 1.82E-08 025.8 237.5  44.7 0.000665 0.000647 0.000122 shoemake 2025-12-29 17:13:20 
IRMz00 359.9 -44.1 359.9 -44.1 1.98E-06 010.6 354.8 -88.4 0.025781 0.026838 0.002438 shoemake 2025-12-29 17:15:09 
AFz 16 000.1 -44.1 000.1 -44.1 1.92E-06 010.6 350.4 -88.3 0.025028 0.025872 0.002468 shoemake 2025-12-29 17:16:43 
AFz 32 000.0 -44.0 000.0 -44.0 1.84E-06 010.7 350.6 -88.5 0.024091 0.025151 0.002456 shoemake 2025-12-29 17:18:17 
AFz 50 000.2 -44.0 000.2 -44.0 1.75E-06 010.6 347.4 -88.4 0.022739 0.023604 0.002334 shoemake 2025-12-29 17:19:51 
AFz 66 000.2 -44.0 000.2 -44.0 1.68E-06 010.6 346.2 -88.4 0.021682 0.022496 0.002196 shoemake 2025-12-29 17:21:25 
AFz 87 000.2 -44.0 000.2 -44.0 1.58E-06 010.6 345.7 -88.4 0.020428 0.021404 0.002062 shoemake 2025-12-29 17:22:58 
AFz115 000.6 -44.0 000.6 -44.0 1.44E-06 010.8 337.0 -88.3 0.019072 0.019936 0.001874 shoemake 2025-12-29 17:24:32 
AFz133 000.5 -44.1 000.5 -44.1 1.36E-06 010.8 339.5 -88.3 0.017987 0.018739 0.001761 shoemake 2025-12-29 17:26:06 
AFz153 000.7 -44.0 000.7 -44.0 1.28E-06 010.8 334.8 -88.4 0.017011 0.017629 0.001670 shoemake 2025-12-29 17:27:41 
AFz176 000.5 -43.9 000.5 -43.9 1.19E-06 010.8 337.3 -88.4 0.015662 0.016159 0.001505 shoemake 2025-12-29 17:29:14 
AFz202 000.9 -43.9 000.9 -43.9 1.08E-06 010.7 328.9 -88.3 0.014064 0.014805 0.001388 shoemake 2025-12-29 17:30:48 
AFz232 001.1 -43.9 001.1 -43.9 9.61E-07 010.8 325.7 -88.2 0.012415 0.013368 0.001204 shoemake 2025-12-29 17:32:22 
AFz267 001.7 -44.1 001.7 -44.1 8.31E-07 011.1 318.1 -87.8 0.011359 0.011712 0.001028 shoemake 2025-12-29 17:33:57 
AFz308 001.4 -43.9 001.4 -43.9 6.94E-07 010.7 319.3 -88.1 0.009208 0.009330 0.000835 shoemake 2025-12-29 17:35:31 
AFz354 001.7 -44.0 001.7 -44.0 5.64E-07 011.0 317.0 -87.9 0.007502 0.007992 0.000704 shoemake 2025-12-29 17:37:05 
AFz407 002.4 -43.1 002.4 -43.1 4.48E-07 010.1 286.9 -87.9 0.005535 0.005760 0.000543 shoemake 2025-12-29 17:38:40 
AFz468 003.0 -43.4 003.0 -43.4 3.34E-07 010.5 290.6 -87.4 0.004327 0.004473 0.000437 shoemake 2025-12-29 17:40:16 
AFz538 004.0 -42.5 004.0 -42.5 2.36E-07 010.6 270.8 -86.8 0.003185 0.003084 0.000252 shoemake 2025-12-29 17:41:50 
AFz619 005.5 -40.1 005.5 -40.1 1.46E-07 009.8 243.5 -85.0 0.001759 0.001838 0.000252 shoemake 2025-12-29 17:43:24 
AFz712 010.6 -39.2 010.6 -39.2 7.31E-08 008.3 252.0 -81.1 0.000794 0.000738 0.000158 shoemake 2025-12-29 17:44:59 
AFz819 020.5 -26.3 020.5 -26.3 2.99E-08 005.4 233.0 -66.4 0.000123 0.000245 0.000130 shoemake 2025-12-29 17:46:33 
AFz942 070.8  10.7 070.8  10.7 1.64E-08 017.1 249.3 -06.3 0.000413 0.000571 0.000068 shoemake 2025-12-29 17:48:08 
AFz083 097.7  37.9 097.7  37.9 1.56E-08 027.6 244.1  29.6 0.000618 0.000710 0.000105 shoemake 2025-12-29 17:49:42 
AFz246 074.2  41.4 074.2  41.4 1.53E-08 019.9 229.3  17.3 0.000450 0.000502 0.000122 shoemake 2025-12-29 17:51:16 
AFz433 120.7  52.7 120.7  52.7 2.12E-08 012.7 234.1  49.9 0.000170 0.000522 0.000122 shoemake 2025-12-29 17:52:50 
AFz648 129.8  41.3 129.8  41.3 1.86E-08 015.9 254.4  53.2 0.000335 0.000508 0.000079 shoemake 2025-12-29 17:54:25 
AFz895 119.6  49.9 119.6  49.9 1.45E-08 029.0 238.1  48.6 0.000575 0.000647 0.000111 shoemake 2025-12-29 17:55:58 
AFz179 097.1  21.4 097.1  21.4 1.75E-08 020.1 258.5  19.5 0.000493 0.000782 0.000075 shoemake 2025-12-29 17:57:33 
AFz506 116.5  54.0 116.5  54.0 1.59E-08 031.2 231.4  47.6 0.000688 0.000726 0.000126 shoemake 2025-12-29 17:59:07 
AFz882 110.6  46.2 110.6  46.2 2.29E-08 012.0 240.5  41.9 0.000326 0.000432 0.000126 shoemake 2025-12-29 18:00:42 
AFz314 072.2  61.7 072.2  61.7 1.69E-08 018.1 211.3  29.2 0.000362 0.000531 0.000141 shoemake 2025-12-29 18:02:17 
AFz812 100.6  54.9 100.6  54.9 1.73E-08 021.7 226.8  39.0 0.000450 0.000682 0.000104 shoemake 2025-12-29 18:03:53 
AFmax0 115.2  32.6 115.2  32.6 1.97E-08 016.4 258.7  38.9 0.000390 0.000685 0.000081 shoemake 2025-12-29 18:06:08 
IRMz   110.8  27.8 110.8  27.8 2.41E-08 016.7 261.1  33.2 0.000566 0.000780 0.000103 shoemake 2025-12-29 18:07:51 
AFmax0 130.9  36.7 130.9  36.7 1.18E-08 030.7 262.1  52.1 0.000464 0.000662 0.000032 shoemake 2025-12-29 18:10:06 
IRMz57 021.5 -40.6 021.5 -40.6 2.30E-08 010.0 270.7 -73.4 0.000153 0.000407 0.000030 shoemake 2025-12-29 18:12:00 
IRMz76 012.3 -43.8 012.3 -43.8 4.45E-08 004.7 282.1 -80.6 0.000179 0.000317 0.000054 shoemake 2025-12-29 18:13:56 
IRMz00 007.2 -41.4 007.2 -41.4 6.99E-08 005.6 261.5 -84.3 0.000590 0.000358 0.000067 shoemake 2025-12-29 18:15:36 
IRMz33 004.1 -42.0 004.1 -42.0 1.36E-07 006.7 262.7 -86.7 0.001109 0.001168 0.000091 shoemake 2025-12-29 18:17:18 
IRMz53 003.3 -43.0 003.3 -43.0 1.76E-07 007.2 282.9 -87.3 0.001492 0.001668 0.000149 shoemake 2025-12-29 18:18:58 
IRMz76 001.5 -43.1 001.5 -43.1 2.27E-07 007.8 293.9 -88.5 0.002278 0.002117 0.000186 shoemake 2025-12-29 18:20:43 
IRMz02 001.4 -42.9 001.4 -42.9 2.84E-07 008.3 286.4 -88.7 0.003036 0.002839 0.000244 shoemake 2025-12-29 18:22:25 
IRMz32 001.2 -42.8 001.2 -42.8 3.54E-07 008.7 286.8 -88.8 0.003871 0.003765 0.000370 shoemake 2025-12-29 18:24:08 
IRMz67 000.9 -43.3 000.9 -43.3 4.44E-07 008.5 312.2 -88.8 0.004853 0.004577 0.000505 shoemake 2025-12-29 18:25:51 
IRMz08 000.2 -42.8 000.2 -42.8 5.58E-07 008.8 306.9 -89.5 0.006093 0.006162 0.000589 shoemake 2025-12-29 18:27:36 
IRMz54 000.4 -42.8 000.4 -42.8 6.77E-07 009.2 305.7 -89.4 0.007685 0.007753 0.000816 shoemake 2025-12-29 18:29:20 
IRMz07 000.3 -43.2 000.3 -43.2 8.25E-07 009.2 329.4 -89.2 0.009377 0.009415 0.000985 shoemake 2025-12-29 18:31:05 
IRMz68 000.5 -43.2 000.5 -43.2 9.88E-07 009.2 319.5 -89.1 0.011284 0.011279 0.001148 shoemake 2025-12-29 18:32:50 
IRMz38 000.0 -43.5 000.0 -43.5 1.20E-06 009.4 346.2 -89.0 0.013847 0.014174 0.001460 shoemake 2025-12-29 18:34:38 
IRMz19 000.0 -43.7 000.0 -43.7 1.41E-06 009.5 348.3 -88.8 0.016552 0.016771 0.001787 shoemake 2025-12-29 18:36:25 
IRMz12 000.1 -43.7 000.1 -43.7 1.65E-06 009.5 346.1 -88.8 0.019391 0.019840 0.002091 shoemake 2025-12-29 18:38:12 
IRMz19 000.0 -43.7 000.0 -43.7 1.90E-06 009.8 349.6 -88.8 0.022820 0.023357 0.002427 shoemake 2025-12-29 18:39:59 
IRMz42 359.8 -43.9 359.8 -43.9 2.15E-06 009.9 355.7 -88.6 0.026426 0.026856 0.002763 shoemake 2025-12-29 18:41:46 
IRMz83 359.9 -43.9 359.9 -43.9 2.38E-06 010.1 353.0 -88.6 0.029511 0.030171 0.003091 shoemake 2025-12-29 18:43:33 
IRMz46 360.0 -44.0 360.0 -44.0 2.59E-06 010.3 351.9 -88.5 0.032960 0.033770 0.003216 shoemake 2025-12-29 18:45:20 
IRMz33 000.1 -43.9 000.1 -43.9 2.77E-06 010.6 347.9 -88.5 0.036305 0.036989 0.003411 shoemake 2025-12-29 18:47:08 
IRMz48 000.1 -44.0 000.1 -44.0 2.92E-06 010.9 348.2 -88.5 0.039144 0.040026 0.003533 shoemake 2025-12-29 18:48:55 
IRMz95 000.1 -44.1 000.1 -44.1 3.04E-06 011.2 350.6 -88.4 0.041979 0.042666 0.003604 shoemake 2025-12-29 18:50:42 
IRMz79 000.2 -44.1 000.2 -44.1 3.13E-06 011.4 348.2 -88.3 0.044317 0.044946 0.003592 shoemake 2025-12-29 18:52:29 
IRMz06 000.2 -44.2 000.2 -44.2 3.20E-06 011.7 347.3 -88.2 0.046319 0.047301 0.003574 shoemake 2025-12-29 18:54:17 
IRMz82 000.3 -44.3 000.3 -44.3 3.27E-06 012.0 345.6 -88.2 0.048610 0.049016 0.003554 shoemake 2025-12-29 18:56:04 
IRMz14 000.3 -44.2 000.3 -44.2 3.32E-06 012.2 345.3 -88.2 0.050113 0.050916 0.003496 shoemake 2025-12-29 18:57:51 
IRMz12 000.3 -44.3 000.3 -44.3 3.37E-06 012.4 346.1 -88.2 0.051842 0.052444 0.003557 shoemake 2025-12-29 18:59:38 
IRMz83 000.3 -44.3 000.3 -44.3 3.40E-06 012.5 345.8 -88.2 0.052673 0.053429 0.003457 shoemake 2025-12-29 19:01:28 
IRMz41 000.4 -44.3 000.4 -44.3 3.42E-06 012.6 344.8 -88.2 0.053610 0.054389 0.003471 shoemake 2025-12-29 19:03:20 
IRMz97 000.4 -44.4 000.4 -44.4 3.45E-06 012.6 345.5 -88.1 0.054282 0.054649 0.003399 shoemake 2025-12-29 19:05:15 
IRMz67 000.5 -44.2 000.5 -44.2 3.46E-06 012.7 342.4 -88.2 0.054791 0.055030 0.003442 shoemake 2025-12-29 19:07:13 
IRMz67 000.3 -44.3 000.3 -44.3 3.47E-06 012.7 345.4 -88.2 0.055154 0.055545 0.003379 shoemake 2025-12-29 19:09:17 
IRMz17 000.4 -44.3 000.4 -44.3 3.48E-06 012.7 345.6 -88.1 0.055270 0.055821 0.003463 shoemake 2025-12-29 19:12:48 
IRMz00 000.4 -44.3 000.4 -44.3 3.49E-06 012.7 345.4 -88.1 0.055125 0.055939 0.003429 shoemake 2025-12-29 19:16:20 
AFz 16 000.4 -44.3 000.4 -44.3 3.40E-06 012.8 344.4 -88.1 0.054266 0.054917 0.003614 shoemake 2025-12-29 19:17:52 
AFz 32 000.5 -44.3 000.5 -44.3 3.32E-06 012.9 342.9 -88.1 0.053204 0.053814 0.003492 shoemake 2025-12-29 19:19:24 
AFz 50 000.6 -44.3 000.6 -44.3 3.21E-06 012.9 341.3 -88.1 0.051670 0.052327 0.003381 shoemake 2025-12-29 19:20:56 
AFz 66 000.6 -44.3 000.6 -44.3 3.11E-06 013.1 340.3 -88.0 0.050746 0.051104 0.003198 shoemake 2025-12-29 19:22:29 
AFz 87 000.7 -44.4 000.7 -44.4 2.98E-06 013.2 339.1 -88.0 0.049394 0.049496 0.003074 shoemake 2025-12-29 19:24:01 
AFz115 000.7 -44.4 000.7 -44.4 2.82E-06 013.4 338.6 -88.0 0.047346 0.047461 0.002825 shoemake 2025-12-29 19:25:33 
AFz133 000.9 -44.4 000.9 -44.4 2.71E-06 013.6 336.3 -87.9 0.046051 0.046292 0.002656 shoemake 2025-12-29 19:27:05 
AFz153 000.8 -44.5 000.8 -44.5 2.59E-06 013.7 338.0 -87.8 0.044548 0.044512 0.002492 shoemake 2025-12-29 19:28:37 
AFz176 000.9 -44.5 000.9 -44.5 2.47E-06 013.8 336.3 -87.8 0.042587 0.043174 0.002292 shoemake 2025-12-29 19:30:09 
AFz202 001.1 -44.5 001.1 -44.5 2.33E-06 014.1 333.9 -87.8 0.041242 0.041583 0.002135 shoemake 2025-12-29 19:31:42 
AFz232 001.1 -44.5 001.1 -44.5 2.18E-06 014.3 333.1 -87.7 0.039044 0.039330 0.001901 shoemake 2025-12-29 19:33:14 
AFz267 001.2 -44.5 001.2 -44.5 2.00E-06 014.7 331.9 -87.7 0.037017 0.037129 0.001661 shoemake 2025-12-29 19:34:46 
AFz308 001.4 -44.6 001.4 -44.6 1.80E-06 015.1 331.0 -87.6 0.034226 0.034577 0.001431 shoemake 2025-12-29 19:36:18 
AFz354 001.5 -44.6 001.5 -44.6 1.62E-06 015.5 328.1 -87.5 0.031547 0.031822 0.001166 shoemake 2025-12-29 19:37:50 
AFz407 001.7 -44.6 001.7 -44.6 1.43E-06 016.2 326.0 -87.5 0.029362 0.029478 0.000897 shoemake 2025-12-29 19:39:23 
AFz468 002.2 -44.7 002.2 -44.7 1.25E-06 017.0 321.5 -87.2 0.027075 0.027085 0.000728 shoemake 2025-12-29 19:40:55 
AFz538 002.3 -44.5 002.3 -44.5 1.09E-06 017.3 317.8 -87.2 0.023961 0.023705 0.000569 shoemake 2025-12-29 19:42:27 
AFz619 002.5 -44.7 002.5 -44.7 9.20E-07 018.5 318.5 -87.0 0.021900 0.021526 0.000447 shoemake 2025-12-29 19:43:59 
AFz712 002.7 -44.6 002.7 -44.6 7.71E-07 019.4 315.4 -86.9 0.019174 0.019087 0.000396 shoemake 2025-12-29 19:45:32 
AFz819 003.3 -44.5 003.3 -44.5 6.43E-07 019.9 309.4 -86.7 0.016461 0.016244 0.000317 shoemake 2025-12-29 19:47:04 
AFz942 003.4 -44.3 003.4 -44.3 5.29E-07 021.2 305.5 -86.8 0.014509 0.014397 0.000271 shoemake 2025-12-29 19:48:36 
AFz083 003.7 -44.4 003.7 -44.4 4.37E-07 020.9 304.2 -86.5 0.011866 0.011642 0.000239 shoemake 2025-12-29 19:50:08 
AFz246 004.2 -44.5 004.2 -44.5 3.52E-07 021.6 303.5 -86.2 0.009841 0.009711 0.000192 shoemake 2025-12-29 19:51:40 
AFz433 003.8 -43.7 003.8 -43.7 2.92E-07 020.6 293.7 -86.7 0.007730 0.007705 0.000139 shoemake 2025-12-29 19:53:13 
AFz648 004.4 -44.1 004.4 -44.1 2.34E-07 021.5 296.2 -86.2 0.006484 0.006502 0.000102 shoemake 2025-12-29 19:54:45 
AFz895 004.7 -42.7 004.7 -42.7 1.97E-07 020.2 274.9 -86.3 0.005055 0.005127 0.000063 shoemake 2025-12-29 19:56:18 
AFz179 006.5 -40.6 006.5 -40.6 1.53E-07 019.4 251.7 -84.6 0.003897 0.003702 0.000095 shoemake 2025-12-29 19:57:50 
AFz506 005.6 -41.4 005.6 -41.4 1.10E-07 017.9 258.2 -85.4 0.002573 0.002472 0.000098 shoemake 2025-12-29 19:59:23 
AFz882 005.1 -37.9 005.1 -37.9 7.82E-08 016.1 223.4 -83.7 0.001536 0.001662 0.000116 shoemake 2025-12-29 20:00:56 
AFz314 008.1 -28.1 008.1 -28.1 4.96E-08 016.6 208.1 -73.9 0.000972 0.001157 0.000115 shoemake 2025-12-29 20:02:29 
AFz812 029.2 -27.4 029.2 -27.4 2.34E-08 014.8 247.4 -61.5 0.000401 0.000478 0.000109 shoemake 2025-12-29 20:04:04 
AFmax0 055.7  23.3 055.7  23.3 1.09E-08 010.8 230.0 -06.4 0.000279 0.000422 0.000066 shoemake 2025-12-29 20:06:17 
