NWF-C- 7A 
        102.0 106.0   0.0   0.0   1.0
NRM    096.5  68.3 096.5  68.3 3.23E-03 000.8 157.5 -14.6 4.679252 1.149877 3.856208 shoemake 2026-01-06 11:37:34 
AF  16 273.5  55.2 273.5  55.2 3.22E-03 003.0 216.1 -15.2 10.53274 12.99761 3.342574 shoemake 2026-01-06 11:39:50 
AF  32 210.3 -50.4 210.3 -50.4 3.12E-03 015.0 344.5 -20.5 28.14123 78.19334 2.980131 shoemake 2026-01-06 11:42:07 
AF  50 130.5  02.1 130.5  02.1 3.49E-03 002.3 082.1 -32.5 13.11785 4.684732 5.058763 shoemake 2026-01-06 11:44:24 
AF  66 208.9  62.2 208.9  62.2 3.70E-03 003.3 193.3 -41.3 8.786394 19.26132 4.473375 shoemake 2026-01-06 11:46:41 
AF  87 216.8 -15.7 216.8 -15.7 3.77E-03 007.3 315.9 -46.9 39.71255 27.66841 1.796897 shoemake 2026-01-06 11:48:57 
AF 115 158.3 -05.0 158.3 -05.0 3.52E-03 011.4 056.0 -54.5 59.10241 38.95364 2.899851 shoemake 2026-01-06 11:51:14 
AF 133 157.6  41.5 157.6  41.5 3.51E-03 003.8 141.0 -54.0 10.98158 20.65987 5.010875 shoemake 2026-01-06 11:53:30 
AF 153 223.7  26.3 223.7  26.3 3.42E-03 003.6 247.0 -54.5 18.31644 11.94967 2.670984 shoemake 2026-01-06 11:55:46 
AF 176 191.1 -18.3 191.1 -18.3 3.29E-03 011.2 353.4 -55.5 14.31992 63.48414 1.904233 shoemake 2026-01-06 11:58:03 
AF 202 151.8  07.6 151.8  07.6 3.23E-03 004.9 080.5 -54.4 27.03651 2.679330 4.490552 shoemake 2026-01-06 12:00:20 
AF 232 192.0  52.4 192.0  52.4 3.18E-03 003.6 184.9 -53.4 7.275363 18.42113 3.567443 shoemake 2026-01-06 12:02:36 
AF 267 216.1 -07.4 216.1 -07.4 3.06E-03 011.1 307.1 -53.1 51.99263 30.19980 1.902236 shoemake 2026-01-06 12:04:53 
AF 308 160.9 -10.9 160.9 -10.9 2.99E-03 009.5 045.7 -52.6 36.04381 34.16000 2.618496 shoemake 2026-01-06 12:07:11 
AF 354 146.2  26.6 146.2  26.6 2.95E-03 001.6 112.6 -50.6 5.312562 5.593623 3.946183 shoemake 2026-01-06 12:09:28 
AF 407 227.8  32.1 227.8  32.1 2.87E-03 005.8 238.8 -49.9 23.57843 17.66517 2.444397 shoemake 2026-01-06 12:11:45 
AF 468 216.9 -12.8 216.9 -12.8 2.80E-03 001.9 312.7 -48.8 8.254796 3.588974 2.564500 shoemake 2026-01-06 12:14:02 
AF 538 148.7 -00.4 148.7 -00.4 2.72E-03 005.8 070.3 -48.6 26.54073 7.288806 3.197781 shoemake 2026-01-06 12:16:19 
AF 619 180.1  57.9 180.1  57.9 2.66E-03 004.4 174.4 -47.7 5.322465 19.59005 3.472906 shoemake 2026-01-06 12:18:37 
AF 712 222.3 -08.2 222.3 -08.2 2.54E-03 013.0 302.3 -47.6 51.69321 27.76497 1.788366 shoemake 2026-01-06 12:20:56 
AF 819 164.5 -21.3 164.5 -21.3 2.49E-03 006.2 031.6 -46.6 12.91802 23.53912 2.034359 shoemake 2026-01-06 12:23:15 
AF 940 151.0  48.6 151.0  48.6 2.41E-03 004.7 145.8 -46.0 9.177684 17.10848 3.740934 shoemake 2026-01-06 12:25:37 
AFmax0 247.5 -08.6 247.5 -08.6 7.85E-04 020.5 288.0 -25.5 28.00881 8.231920 0.822098 shoemake 2026-01-06 12:27:57 
ARM    239.0 -26.9 239.0 -26.9 8.12E-04 001.3 309.9 -23.9 1.196068 1.187596 1.070534 shoemake 2026-01-06 12:29:35 
ARM  1 358.3 -22.8 358.3 -22.8 4.18E-03 001.9 310.5  79.2 9.862675 9.483980 2.356937 shoemake 2026-01-06 12:31:16 
ARM  2 002.7 -19.6 002.7 -19.6 8.46E-03 001.9 310.9  84.4 19.92454 19.87194 5.622998 shoemake 2026-01-06 12:32:56 
ARM  3 004.2 -18.6 004.2 -18.6 1.27E-02 001.9 313.0  86.1 29.81090 30.01603 8.365961 shoemake 2026-01-06 12:34:37 
ARM  4 004.9 -18.1 004.9 -18.1 1.67E-02 001.9 314.0  86.9 39.26523 39.77751 11.23571 shoemake 2026-01-06 12:36:18 
ARM  5 005.3 -17.8 005.3 -17.8 2.07E-02 001.9 314.1  87.4 48.73535 49.39571 14.07449 shoemake 2026-01-06 12:37:59 
ARM  6 005.5 -17.6 005.5 -17.6 2.45E-02 001.9 314.9  87.8 57.56194 58.54904 16.80212 shoemake 2026-01-06 12:39:40 
ARM  7 005.7 -17.4 005.7 -17.4 2.84E-02 001.9 315.0  88.0 66.66930 67.77365 19.52028 shoemake 2026-01-06 12:41:21 
ARM  8 005.8 -17.3 005.8 -17.3 3.21E-02 001.9 315.2  88.2 75.44199 76.27235 22.18862 shoemake 2026-01-06 12:43:01 
ARM  9 006.0 -17.2 006.0 -17.2 3.58E-02 001.9 316.1  88.3 83.73499 85.50187 24.66271 shoemake 2026-01-06 12:44:43 
ARM 10 006.1 -17.2 006.1 -17.2 3.93E-02 001.9 316.6  88.4 92.35817 94.23373 27.41684 shoemake 2026-01-06 12:46:24 
AFz 16 006.0 -17.2 006.0 -17.2 3.81E-02 001.9 316.7  88.4 89.37350 90.96175 26.73853 shoemake 2026-01-06 12:48:02 
AFz 32 006.0 -17.2 006.0 -17.2 3.68E-02 001.9 316.7  88.3 86.39090 87.92549 25.91033 shoemake 2026-01-06 12:49:40 
AFz 50 005.9 -17.3 005.9 -17.3 3.49E-02 001.9 316.9  88.2 81.78476 83.22749 25.37556 shoemake 2026-01-06 12:51:18 
AFz 66 005.9 -17.4 005.9 -17.4 3.26E-02 001.9 317.4  88.1 76.42742 77.76548 23.19051 shoemake 2026-01-06 12:52:56 
AFz 87 005.8 -17.5 005.8 -17.5 2.91E-02 001.9 317.9  88.0 68.14340 69.37822 20.90997 shoemake 2026-01-06 12:54:34 
AFz115 005.6 -17.8 005.6 -17.8 2.44E-02 001.9 318.5  87.6 57.33276 58.18309 17.64809 shoemake 2026-01-06 12:56:12 
AFz133 005.4 -18.0 005.4 -18.0 2.18E-02 001.9 319.1  87.4 51.18212 51.97729 15.77362 shoemake 2026-01-06 12:57:50 
AFz153 005.2 -18.2 005.2 -18.2 1.94E-02 001.9 319.1  87.1 45.58064 46.18972 14.10952 shoemake 2026-01-06 12:59:28 
AFz176 005.0 -18.4 005.0 -18.4 1.72E-02 001.9 318.7  86.8 40.24105 40.65201 12.45458 shoemake 2026-01-06 13:01:06 
AFz202 004.7 -18.7 004.7 -18.7 1.50E-02 001.9 318.7  86.4 35.21793 35.58232 10.90788 shoemake 2026-01-06 13:02:44 
AFz232 004.4 -19.0 004.4 -19.0 1.31E-02 001.9 318.3  86.0 30.58866 30.81837 9.460143 shoemake 2026-01-06 13:04:21 
AFz267 003.9 -19.4 003.9 -19.4 1.12E-02 001.9 317.4  85.4 26.10546 26.27397 8.041450 shoemake 2026-01-06 13:05:59 
AFz308 003.4 -19.8 003.4 -19.8 9.49E-03 001.9 317.1  84.7 22.22814 22.23827 6.823021 shoemake 2026-01-06 13:07:37 
AFz354 002.6 -20.4 002.6 -20.4 8.02E-03 001.9 315.8  83.8 18.77594 18.67026 5.695258 shoemake 2026-01-06 13:09:15 
AFz407 001.8 -21.1 001.8 -21.1 6.76E-03 001.9 315.4  82.8 15.82863 15.67144 4.741854 shoemake 2026-01-06 13:10:53 
AFz468 000.6 -21.9 000.6 -21.9 5.58E-03 001.9 314.3  81.4 13.08069 12.80865 3.829975 shoemake 2026-01-06 13:12:31 
AFz538 359.1 -23.0 359.1 -23.0 4.52E-03 001.9 313.7  79.7 10.58512 10.30697 3.019495 shoemake 2026-01-06 13:14:08 
AFz619 356.6 -24.8 356.6 -24.8 3.50E-03 001.9 313.2  76.7 8.178406 7.742938 2.247943 shoemake 2026-01-06 13:15:47 
AFz712 351.8 -27.6 351.8 -27.6 2.50E-03 001.8 311.7  71.6 5.813165 5.280287 1.509210 shoemake 2026-01-06 13:17:25 
AFz819 341.3 -33.5 341.3 -33.5 1.61E-03 001.7 311.6  60.8 3.588969 2.968302 0.920379 shoemake 2026-01-06 13:19:04 
AFz942 299.5 -43.2 299.5 -43.2 8.70E-04 001.1 310.8  27.1 1.506917 0.571629 0.796714 shoemake 2026-01-06 13:20:42 
AFz083 246.4 -31.5 246.4 -31.5 7.99E-04 001.1 310.4 -16.0 1.045230 0.871969 1.028205 shoemake 2026-01-06 13:22:20 
AFz246 243.1 -29.0 243.1 -29.0 7.95E-04 001.2 309.7 -19.7 1.130379 1.044197 1.027771 shoemake 2026-01-06 13:23:57 
AFz433 242.1 -28.5 242.1 -28.5 8.10E-04 001.3 309.7 -20.8 1.141389 1.121193 1.068844 shoemake 2026-01-06 13:25:36 
AFz648 242.6 -28.0 242.6 -28.0 8.15E-04 001.2 309.1 -20.7 1.104692 1.096459 1.045657 shoemake 2026-01-06 13:27:14 
AFz895 241.8 -27.2 241.8 -27.2 8.14E-04 001.3 308.7 -21.7 1.126116 1.131555 1.077351 shoemake 2026-01-06 13:28:52 
AFz179 241.8 -27.1 241.8 -27.1 8.06E-04 001.3 308.6 -21.7 1.113107 1.114380 1.040091 shoemake 2026-01-06 13:30:30 
AFz506 239.9 -26.5 239.9 -26.5 8.16E-04 001.3 309.1 -23.5 1.154745 1.207509 1.062028 shoemake 2026-01-06 13:32:09 
AFz882 240.1 -26.2 240.1 -26.2 8.15E-04 001.3 308.7 -23.4 1.132883 1.150884 1.031699 shoemake 2026-01-06 13:33:48 
AFz314 240.0 -27.7 240.0 -27.7 8.16E-04 001.3 310.1 -22.7 1.126371 1.155043 1.061597 shoemake 2026-01-06 13:35:26 
AFz812 240.1 -27.1 240.1 -27.1 8.04E-04 001.3 309.5 -23.0 1.108565 1.156145 1.060953 shoemake 2026-01-06 13:37:06 
AFmax0 177.9 -49.8 177.9 -49.8 7.99E-04 003.9 006.6 -23.7 0.714158 5.378785 0.798133 shoemake 2026-01-06 13:39:26 
IRMz   171.8 -48.9 171.8 -48.9 8.01E-04 001.9 011.0 -23.7 0.704729 2.520802 0.844459 shoemake 2026-01-06 13:41:12 
AFmax0 118.2  14.6 118.2  14.6 7.84E-04 001.2 099.2 -23.8 1.040579 0.975822 1.035490 shoemake 2026-01-06 13:43:32 
IRMz00 187.6  16.3 187.6  16.3 2.48E-01 001.9 235.3 -89.6 585.5699 599.6368 166.8932 shoemake 2026-01-06 13:45:26 
AFz 16 187.6  16.2 187.6  16.2 2.38E-01 001.9 234.6 -89.6 563.5334 573.9940 158.4256 shoemake 2026-01-06 13:47:04 
AFz 32 187.6  16.3 187.6  16.3 2.23E-01 001.9 233.7 -89.6 525.6582 537.2989 147.9596 shoemake 2026-01-06 13:48:43 
AFz 50 187.5  16.3 187.5  16.3 2.03E-01 001.9 231.8 -89.6 478.3282 489.3544 135.0474 shoemake 2026-01-06 13:50:23 
AFz 66 187.5  16.3 187.5  16.3 1.86E-01 001.9 229.9 -89.6 439.2535 447.6686 122.1828 shoemake 2026-01-06 13:52:01 
AFz 87 187.5  16.3 187.5  16.3 1.63E-01 001.9 225.9 -89.6 384.1425 393.1135 108.8805 shoemake 2026-01-06 13:53:40 
AFz115 187.4  16.3 187.4  16.3 1.36E-01 001.9 218.2 -89.6 319.4967 327.1383 89.76398 shoemake 2026-01-06 13:55:19 
AFz133 187.4  16.3 187.4  16.3 1.21E-01 001.9 211.9 -89.7 284.4703 291.4627 81.54100 shoemake 2026-01-06 13:56:57 
AFz153 187.3  16.3 187.3  16.3 1.06E-01 001.9 203.1 -89.7 250.7566 256.8093 71.72416 shoemake 2026-01-06 13:58:36 
AFz176 187.3  16.3 187.3  16.3 9.26E-02 001.9 192.1 -89.7 218.0637 223.6617 62.56801 shoemake 2026-01-06 14:00:14 
AFz202 187.2  16.3 187.2  16.3 7.95E-02 001.9 178.6 -89.7 187.0713 191.9738 54.36865 shoemake 2026-01-06 14:01:52 
AFz232 187.1  16.3 187.1  16.3 6.69E-02 001.9 161.6 -89.6 157.4792 161.6957 45.75336 shoemake 2026-01-06 14:03:31 
AFz267 186.9  16.4 186.9  16.4 5.48E-02 001.9 145.2 -89.6 128.8631 132.1341 37.51864 shoemake 2026-01-06 14:05:10 
AFz308 186.7  16.4 186.7  16.4 4.40E-02 001.9 130.8 -89.4 103.3442 106.0587 30.34759 shoemake 2026-01-06 14:06:48 
AFz354 186.5  16.4 186.5  16.4 3.49E-02 001.9 121.6 -89.2 81.89189 84.20006 24.22233 shoemake 2026-01-06 14:08:27 
AFz407 186.2  16.5 186.2  16.5 2.73E-02 001.9 114.7 -88.9 64.08139 65.92384 19.16682 shoemake 2026-01-06 14:10:06 
AFz468 185.7  16.5 185.7  16.5 2.06E-02 001.9 110.3 -88.4 48.08834 49.66423 14.66336 shoemake 2026-01-06 14:11:44 
AFz538 184.9  16.6 184.9  16.6 1.50E-02 001.9 105.9 -87.7 34.90179 35.98817 10.79987 shoemake 2026-01-06 14:13:23 
AFz619 183.5  16.8 183.5  16.8 1.02E-02 001.9 103.4 -86.3 23.71041 24.57872 7.671476 shoemake 2026-01-06 14:15:02 
AFz712 180.7  17.3 180.7  17.3 6.20E-03 001.9 102.3 -83.7 14.28502 14.81836 4.879428 shoemake 2026-01-06 14:16:41 
AFz819 174.0  17.9 174.0  17.9 3.19E-03 001.9 100.5 -77.3 7.158832 7.491559 2.839745 shoemake 2026-01-06 14:18:20 
AFz942 151.1  18.1 151.1  18.1 1.27E-03 001.6 098.8 -55.4 2.383860 2.565257 1.501070 shoemake 2026-01-06 14:19:59 
AFz083 136.1  17.2 136.1  17.2 9.65E-04 001.5 099.0 -41.1 1.567299 1.789756 1.294309 shoemake 2026-01-06 14:21:38 
AFz246 129.5  15.5 129.5  15.5 8.85E-04 001.3 098.0 -34.7 1.242075 1.348406 1.185837 shoemake 2026-01-06 14:23:17 
AFz433 126.4  15.6 126.4  15.6 8.54E-04 001.3 098.7 -31.7 1.226223 1.224235 1.137919 shoemake 2026-01-06 14:24:55 
AFz648 123.2  15.4 123.2  15.4 8.27E-04 001.3 099.1 -28.6 1.151439 1.136013 1.116822 shoemake 2026-01-06 14:26:34 
AFz895 121.7  14.5 121.7  14.5 8.16E-04 001.3 098.4 -27.0 1.116528 1.092180 1.098028 shoemake 2026-01-06 14:28:12 
AFz179 120.3  15.2 120.3  15.2 8.01E-04 001.2 099.5 -25.9 1.089535 1.041338 1.044036 shoemake 2026-01-06 14:29:50 
AFz506 120.0  14.9 120.0  14.9 8.02E-04 001.3 099.1 -25.5 1.082999 1.049257 1.084940 shoemake 2026-01-06 14:31:30 
AFz882 119.1  14.8 119.1  14.8 8.03E-04 001.2 099.3 -24.6 1.021584 0.986581 1.105291 shoemake 2026-01-06 14:33:09 
AFz314 119.2  14.7 119.2  14.7 8.01E-04 001.3 099.2 -24.7 1.088226 1.017946 1.102922 shoemake 2026-01-06 14:34:47 
AFz812 119.2  14.3 119.2  14.3 7.96E-04 001.2 098.7 -24.6 1.023572 1.002551 1.066000 shoemake 2026-01-06 14:36:27 
AFmax0 147.8  78.7 147.8  78.7 7.88E-04 001.3 172.2 -24.5 1.168781 1.383898 0.929753 shoemake 2026-01-06 14:38:47 
IRMz   150.2  79.1 150.2  79.1 7.89E-04 000.9 172.8 -24.5 1.209870 0.587024 0.923946 shoemake 2026-01-06 14:40:33 
AFmax0 249.2 -08.3 249.2 -08.3 7.74E-04 014.6 287.0 -24.0 19.40502 5.296832 0.898467 shoemake 2026-01-06 14:42:53 
IRMz57 192.7  12.8 192.7  12.8 6.64E-03 001.9 300.7 -83.8 15.50833 16.00073 3.393176 shoemake 2026-01-06 14:44:52 
IRMz76 190.0  14.3 190.0  14.3 1.29E-02 001.9 301.5 -86.9 30.26084 30.95322 5.235295 shoemake 2026-01-06 14:46:53 
IRMz00 188.8  15.0 188.8  15.0 2.03E-02 001.9 303.0 -88.1 47.76647 48.58953 7.196518 shoemake 2026-01-06 14:48:39 
IRMz33 187.8  15.5 187.8  15.5 4.52E-02 001.9 307.5 -89.3 106.4632 108.0794 13.69433 shoemake 2026-01-06 14:50:26 
IRMz53 187.6  15.7 187.6  15.7 5.90E-02 001.9 311.0 -89.5 138.8992 140.9964 17.62174 shoemake 2026-01-06 14:52:12 
IRMz76 187.5  15.7 187.5  15.7 7.51E-02 001.9 316.0 -89.6 176.8974 179.3911 21.53311 shoemake 2026-01-06 14:54:00 
IRMz02 187.4  15.8 187.4  15.8 9.15E-02 001.9 321.9 -89.7 215.5924 218.7427 25.70457 shoemake 2026-01-06 14:55:49 
IRMz32 187.3  15.8 187.3  15.8 1.09E-01 001.9 329.1 -89.8 255.3179 260.2230 29.29837 shoemake 2026-01-06 14:57:38 
IRMz67 187.3  15.8 187.3  15.8 1.27E-01 001.9 336.4 -89.8 298.1985 302.4371 35.32965 shoemake 2026-01-06 14:59:26 
IRMz08 187.3  15.8 187.3  15.8 1.45E-01 001.9 343.3 -89.8 340.8515 346.2004 39.47779 shoemake 2026-01-06 15:01:17 
IRMz54 187.2  15.8 187.2  15.8 1.61E-01 001.9 350.0 -89.8 378.7838 385.0397 44.58611 shoemake 2026-01-06 15:03:08 
IRMz07 187.2  15.8 187.2  15.8 1.77E-01 001.9 354.8 -89.8 415.0716 422.3082 46.72065 shoemake 2026-01-06 15:04:59 
IRMz68 187.2  15.8 187.2  15.8 1.92E-01 001.9 359.0 -89.8 450.4021 458.2323 52.80521 shoemake 2026-01-06 15:06:49 
IRMz38 187.2  15.8 187.2  15.8 2.05E-01 001.9 003.1 -89.8 482.7636 490.8509 56.25738 shoemake 2026-01-06 15:08:40 
IRMz19 187.2  15.8 187.2  15.8 2.18E-01 001.9 005.4 -89.8 511.9189 520.5277 58.97882 shoemake 2026-01-06 15:10:33 
IRMz12 187.2  15.8 187.2  15.8 2.29E-01 001.9 007.5 -89.8 537.3553 546.1717 64.33281 shoemake 2026-01-06 15:12:26 
IRMz19 187.2  15.8 187.2  15.8 2.38E-01 001.9 009.4 -89.8 558.1982 569.4931 65.48437 shoemake 2026-01-06 15:14:19 
IRMz42 187.2  15.8 187.2  15.8 2.46E-01 001.9 010.9 -89.8 578.3788 589.4420 67.59668 shoemake 2026-01-06 15:16:12 
IRMz83 187.2  15.8 187.2  15.8 2.53E-01 001.9 010.7 -89.8 594.2173 605.5839 72.50366 shoemake 2026-01-06 15:18:05 
IRMz46 187.2  15.8 187.2  15.8 2.60E-01 001.9 011.3 -89.8 609.1660 620.1720 72.25535 shoemake 2026-01-06 15:19:57 
IRMz33 187.2  15.8 187.2  15.8 2.66E-01 001.9 011.9 -89.8 621.6097 633.4577 74.93840 shoemake 2026-01-06 15:21:50 
IRMz48 187.2  15.8 187.2  15.8 2.71E-01 001.9 011.2 -89.8 633.8309 646.3560 77.60144 shoemake 2026-01-06 15:23:43 
IRMz95 187.2  15.8 187.2  15.8 2.76E-01 001.9 012.2 -89.8 647.1979 660.7251 92.32555 shoemake 2026-01-06 15:25:36 
IRMz79 187.2  15.8 187.2  15.8 2.80E-01 001.9 012.8 -89.8 656.4199 670.1351 127.3916 shoemake 2026-01-06 15:27:29 
IRMz06 187.2  15.8 187.2  15.8 2.83E-01 001.9 012.3 -89.8 669.8510 683.2737 210.1854 shoemake 2026-01-06 15:29:21 
IRMz82 187.2  15.8 187.2  15.8 2.86E-01 002.0 013.3 -89.8 683.2502 694.5355 301.7995 shoemake 2026-01-06 15:31:14 
IRMz14 187.2  15.8 187.2  15.8 2.88E-01 002.0 013.7 -89.8 693.7569 705.8413 402.2861 shoemake 2026-01-06 15:33:07 
IRMz12 187.2  15.8 187.2  15.8 2.90E-01 002.0 014.6 -89.8 701.6900 714.9857 459.2377 shoemake 2026-01-06 15:34:59 
IRMz83 187.1  15.8 187.1  15.8 2.91E-01 002.0 018.8 -89.8 708.2748 721.4492 550.1563 shoemake 2026-01-06 15:36:54 
IRMz41 187.1  15.9 187.1  15.9 2.92E-01 002.0 027.1 -89.8 713.5200 729.0638 611.4755 shoemake 2026-01-06 15:38:51 
IRMz97 187.1  15.9 187.1  15.9 2.92E-01 002.0 033.1 -89.8 714.7533 730.4208 650.0178 shoemake 2026-01-06 15:40:50 
IRMz67 187.1  15.9 187.1  15.9 2.93E-01 002.0 038.2 -89.8 719.3942 732.9324 605.1448 shoemake 2026-01-06 15:42:51 
IRMz67 187.1  15.9 187.1  15.9 2.93E-01 002.0 042.2 -89.8 717.9265 731.4301 648.3172 shoemake 2026-01-06 15:46:29 
IRMz17 187.1  15.9 187.1  15.9 2.93E-01 002.0 045.1 -89.8 719.0272 733.9827 661.0707 shoemake 2026-01-06 15:50:07 
IRMz00 187.1  15.9 187.1  15.9 2.93E-01 002.0 047.4 -89.8 719.0765 731.6808 665.6266 shoemake 2026-01-06 15:53:44 
AFz 16 187.1  15.9 187.1  15.9 2.89E-01 002.0 045.8 -89.8 695.9737 710.6757 417.7615 shoemake 2026-01-06 15:55:22 
AFz 32 187.1  15.9 187.1  15.9 2.80E-01 001.9 044.4 -89.8 658.4575 670.4778 111.1457 shoemake 2026-01-06 15:57:01 
AFz 50 187.1  15.9 187.1  15.9 2.62E-01 001.9 043.0 -89.8 613.1878 623.2648 76.74923 shoemake 2026-01-06 15:58:39 
AFz 66 187.1  15.9 187.1  15.9 2.44E-01 001.9 040.3 -89.8 571.4108 582.2846 70.17104 shoemake 2026-01-06 16:00:17 
AFz 87 187.1  15.9 187.1  15.9 2.21E-01 001.9 036.5 -89.8 515.9323 527.8460 65.45000 shoemake 2026-01-06 16:01:55 
AFz115 187.1  15.9 187.1  15.9 1.94E-01 001.9 030.3 -89.8 452.4487 462.9916 59.33282 shoemake 2026-01-06 16:03:34 
AFz133 187.1  15.9 187.1  15.9 1.78E-01 001.9 025.7 -89.8 416.4697 426.1938 54.60861 shoemake 2026-01-06 16:05:12 
AFz153 187.1  15.8 187.1  15.8 1.64E-01 001.9 021.5 -89.8 382.7735 392.1179 50.18821 shoemake 2026-01-06 16:06:50 
AFz176 187.2  15.8 187.2  15.8 1.50E-01 001.9 015.5 -89.8 349.6465 358.1376 46.74128 shoemake 2026-01-06 16:08:29 
AFz202 187.2  15.8 187.2  15.8 1.36E-01 001.9 011.3 -89.8 318.4346 326.4703 42.91943 shoemake 2026-01-06 16:10:07 
AFz232 187.2  15.8 187.2  15.8 1.24E-01 001.9 006.6 -89.8 287.5780 295.8394 38.69654 shoemake 2026-01-06 16:11:45 
AFz267 187.2  15.8 187.2  15.8 1.11E-01 001.9 002.0 -89.8 259.0765 265.6554 36.61974 shoemake 2026-01-06 16:13:23 
AFz308 187.2  15.8 187.2  15.8 9.97E-02 001.9 357.1 -89.8 232.4497 238.8986 31.80439 shoemake 2026-01-06 16:15:02 
AFz354 187.2  15.8 187.2  15.8 9.00E-02 001.9 354.9 -89.8 210.0848 215.6652 29.38340 shoemake 2026-01-06 16:16:40 
AFz407 187.2  15.8 187.2  15.8 8.18E-02 001.9 349.8 -89.8 190.8218 196.0244 26.76945 shoemake 2026-01-06 16:18:17 
AFz468 187.2  15.8 187.2  15.8 7.42E-02 001.9 347.9 -89.8 173.0716 177.8033 24.18112 shoemake 2026-01-06 16:19:56 
AFz538 187.3  15.8 187.3  15.8 6.77E-02 001.9 342.6 -89.8 157.7038 161.9924 22.00121 shoemake 2026-01-06 16:21:34 
AFz619 187.3  15.8 187.3  15.8 6.19E-02 001.9 340.8 -89.8 144.2384 148.2092 19.90906 shoemake 2026-01-06 16:23:11 
AFz712 187.3  15.8 187.3  15.8 5.66E-02 001.9 336.8 -89.7 131.9634 135.5440 18.29535 shoemake 2026-01-06 16:24:51 
AFz819 187.3  15.7 187.3  15.7 5.19E-02 001.9 337.4 -89.7 121.0795 124.3573 16.82945 shoemake 2026-01-06 16:26:29 
AFz942 187.3  15.8 187.3  15.8 4.74E-02 001.9 333.3 -89.7 110.6331 113.6896 15.35032 shoemake 2026-01-06 16:28:07 
AFz083 187.3  15.7 187.3  15.7 4.31E-02 001.9 335.7 -89.7 100.5797 103.4084 13.94533 shoemake 2026-01-06 16:29:45 
AFz246 187.3  15.7 187.3  15.7 3.89E-02 001.9 332.9 -89.7 90.63605 93.15207 12.56713 shoemake 2026-01-06 16:31:23 
AFz433 187.4  15.7 187.4  15.7 3.45E-02 001.9 327.4 -89.7 80.37745 82.74024 11.16772 shoemake 2026-01-06 16:33:03 
AFz648 187.4  15.7 187.4  15.7 3.01E-02 001.9 322.0 -89.7 70.24700 72.29030 9.724449 shoemake 2026-01-06 16:34:41 
AFz895 187.5  15.7 187.5  15.7 2.58E-02 001.9 322.6 -89.6 60.02946 61.84757 8.326308 shoemake 2026-01-06 16:36:20 
AFz179 187.6  15.6 187.6  15.6 2.14E-02 001.9 318.0 -89.5 49.90803 51.43706 6.915581 shoemake 2026-01-06 16:37:59 
AFz506 187.6  15.6 187.6  15.6 1.72E-02 001.9 317.8 -89.4 39.97700 41.22714 5.535790 shoemake 2026-01-06 16:39:38 
AFz882 187.7  15.5 187.7  15.5 1.31E-02 001.9 315.3 -89.2 30.58178 31.54958 4.219887 shoemake 2026-01-06 16:41:17 
AFz314 188.1  15.3 188.1  15.3 9.48E-03 001.9 310.8 -88.9 22.03642 22.76348 3.155080 shoemake 2026-01-06 16:42:56 
AFz812 188.6  15.0 188.6  15.0 6.42E-03 001.9 306.8 -88.4 14.93224 15.44322 2.100081 shoemake 2026-01-06 16:44:35 
AFmax0 188.7  13.2 188.7  13.2 5.27E-03 001.9 332.4 -86.8 12.20508 12.51227 4.082133 shoemake 2026-01-06 16:46:55 
