PKS-G- 8E 
        301.0  44.0   0.0   0.0   1.0
NRM    118.1  21.0 118.1  21.0 2.59E-02 000.7 253.9  13.9 26.25982 30.32798 17.96550 shoemake 2026-01-14 09:51:51 
AF  16 149.7 -08.0 149.7 -08.0 2.58E-02 000.9 297.8  14.1 27.50442 17.54467 24.43588 shoemake 2026-01-14 09:54:06 
AF  32 245.9 -22.7 245.9 -22.7 2.49E-02 000.7 034.1  13.8 15.49642 30.42041 11.41970 shoemake 2026-01-14 09:56:23 
AF  50 328.2  41.7 328.2  41.7 2.28E-02 000.7 137.6  13.3 25.40250 14.32199 17.95224 shoemake 2026-01-14 09:58:41 
AF  66 123.7  17.6 123.7  17.6 1.65E-02 002.5 260.3  15.3 69.08994 18.71584 15.91550 shoemake 2026-01-14 10:00:58 
AF  87 212.8 -27.8 212.8 -27.8 1.14E-02 005.6 002.9  16.2 16.42617 110.3226 10.16403 shoemake 2026-01-14 10:03:16 
AF 115 289.6  15.0 289.6  15.0 6.69E-03 000.8 093.5  17.7 8.364393 8.185432 4.402033 shoemake 2026-01-14 10:05:33 
AF 133 092.1  49.7 092.1  49.7 4.50E-03 000.8 217.6  19.9 1.487294 4.940947 4.228989 shoemake 2026-01-14 10:07:50 
AF 153 181.3 -17.9 181.3 -17.9 3.47E-03 002.8 331.0  21.1 7.789759 15.28540 3.807033 shoemake 2026-01-14 10:10:07 
AF 176 261.8 -02.6 261.8 -02.6 2.50E-03 000.6 059.0  23.2 2.328008 3.053866 1.152673 shoemake 2026-01-14 10:12:25 
AF 202 000.1  65.6 000.1  65.6 2.09E-03 000.9 167.1  23.9 2.217970 2.268366 1.929332 shoemake 2026-01-14 10:14:42 
AF 232 150.4  07.2 150.4  07.2 1.59E-03 002.7 288.0  26.2 6.508084 2.950607 1.959319 shoemake 2026-01-14 10:16:59 
AF 267 242.2 -08.2 242.2 -08.2 1.30E-03 007.6 037.3  28.5 10.62817 13.73009 1.119371 shoemake 2026-01-14 10:19:17 
AF 308 302.5  43.6 302.5  43.6 1.07E-03 001.1 124.9  28.1 1.623026 1.217708 0.808086 shoemake 2026-01-14 10:21:35 
AF 354 132.0  33.8 132.0  33.8 8.96E-04 000.9 252.3  31.5 0.779451 1.023458 1.062258 shoemake 2026-01-14 10:23:54 
AF 407 212.6 -12.9 212.6 -12.9 7.85E-04 004.9 003.3  31.0 1.265418 6.648371 0.918467 shoemake 2026-01-14 10:26:11 
AF 468 275.9  22.8 275.9  22.8 6.58E-04 001.1 090.1  32.5 1.052331 0.937603 0.297982 shoemake 2026-01-14 10:28:30 
AF 538 104.8  60.4 104.8  60.4 5.91E-04 001.0 214.5  32.5 0.530745 0.807463 0.611653 shoemake 2026-01-14 10:30:47 
AF 619 188.2 -07.5 188.2 -07.5 4.67E-04 002.2 334.3  33.2 0.782149 1.684549 0.600281 shoemake 2026-01-14 10:33:06 
AF 712 258.9  07.9 258.9  07.9 4.11E-04 002.0 063.7  33.3 1.095188 1.090850 0.157723 shoemake 2026-01-14 10:35:25 
AF 819 352.5  70.6 352.5  70.6 3.56E-04 001.2 166.7  29.7 0.507504 0.622694 0.321422 shoemake 2026-01-14 10:37:46 
AF 940 156.2  17.3 156.2  17.3 2.52E-04 001.8 284.8  37.5 0.613683 0.501777 0.328180 shoemake 2026-01-14 10:40:08 
AFmax0 236.1 -26.8 236.1 -26.8 1.17E-04 005.4 024.0  13.3 0.358958 1.066105 0.096836 shoemake 2026-01-14 10:42:29 
ARM    237.0 -25.2 237.0 -25.2 1.14E-04 001.6 025.4  14.6 0.238916 0.287744 0.086067 shoemake 2026-01-14 10:44:07 
ARM  1 212.1  45.1 212.1  45.1 6.57E-03 001.5 062.9  88.1 12.41712 12.16747 5.429701 shoemake 2026-01-14 10:45:50 
ARM  2 211.9  45.3 211.9  45.3 1.28E-02 001.5 068.1  88.3 24.22137 23.73392 10.54352 shoemake 2026-01-14 10:47:31 
ARM  3 211.8  45.6 211.8  45.6 1.88E-02 001.5 074.5  88.4 35.35385 34.76057 15.32357 shoemake 2026-01-14 10:49:12 
ARM  4 211.7  45.6 211.7  45.6 2.46E-02 001.5 076.0  88.5 46.14724 45.37114 20.00466 shoemake 2026-01-14 10:50:54 
ARM  5 211.7  45.6 211.7  45.6 3.02E-02 001.5 076.6  88.6 56.65690 55.72439 24.64223 shoemake 2026-01-14 10:52:36 
ARM  6 211.7  45.6 211.7  45.6 3.55E-02 001.5 076.0  88.6 66.54753 65.49446 29.77552 shoemake 2026-01-14 10:54:17 
ARM  7 211.7  45.7 211.7  45.7 4.09E-02 001.5 078.3  88.6 76.61491 75.38994 33.45980 shoemake 2026-01-14 10:55:58 
ARM  8 211.7  45.7 211.7  45.7 4.61E-02 001.5 078.7  88.6 86.31402 84.95353 38.28023 shoemake 2026-01-14 10:57:39 
ARM  9 211.6  45.7 211.6  45.7 5.11E-02 001.5 079.4  88.6 95.64664 94.16995 41.75403 shoemake 2026-01-14 10:59:21 
ARM 10 211.6  45.7 211.6  45.7 5.60E-02 001.5 079.1  88.6 104.9174 103.3970 46.01049 shoemake 2026-01-14 11:01:02 
AFz 16 211.6  45.7 211.6  45.7 5.45E-02 001.5 078.9  88.6 102.1279 100.5837 45.36946 shoemake 2026-01-14 11:02:41 
AFz 32 211.7  45.7 211.7  45.7 5.19E-02 001.5 078.4  88.6 97.07406 95.66225 43.06729 shoemake 2026-01-14 11:04:19 
AFz 50 211.7  45.7 211.7  45.7 4.69E-02 001.5 077.2  88.6 87.80194 86.50130 38.87253 shoemake 2026-01-14 11:05:58 
AFz 66 211.8  45.6 211.8  45.6 4.16E-02 001.5 075.2  88.5 77.78987 76.67079 34.60564 shoemake 2026-01-14 11:07:37 
AFz 87 211.8  45.5 211.8  45.5 3.45E-02 001.5 071.5  88.4 64.34168 63.41227 28.93288 shoemake 2026-01-14 11:09:15 
AFz115 211.8  45.3 211.8  45.3 2.66E-02 001.5 064.0  88.4 49.65951 48.96089 22.74450 shoemake 2026-01-14 11:10:54 
AFz133 211.8  45.1 211.8  45.1 2.28E-02 001.5 058.8  88.3 42.49086 41.87889 19.63088 shoemake 2026-01-14 11:12:33 
AFz153 211.8  44.9 211.8  44.9 1.96E-02 001.5 053.8  88.2 36.45602 36.01154 16.92587 shoemake 2026-01-14 11:14:12 
AFz176 211.8  44.7 211.8  44.7 1.68E-02 001.5 048.9  88.0 31.36353 30.95897 14.61154 shoemake 2026-01-14 11:15:51 
AFz202 211.8  44.4 211.8  44.4 1.44E-02 001.5 044.6  87.8 26.95109 26.62690 12.63009 shoemake 2026-01-14 11:17:29 
AFz232 211.8  44.3 211.8  44.3 1.24E-02 001.5 042.1  87.7 23.09895 22.81923 10.82479 shoemake 2026-01-14 11:19:07 
AFz267 211.9  44.0 211.9  44.0 1.05E-02 001.5 038.4  87.4 19.60500 19.34326 9.221028 shoemake 2026-01-14 11:20:46 
AFz308 211.9  43.7 211.9  43.7 8.92E-03 001.5 035.6  87.2 16.70640 16.48624 7.878970 shoemake 2026-01-14 11:22:25 
AFz354 212.1  43.6 212.1  43.6 7.56E-03 001.5 035.4  87.1 14.13798 13.96387 6.665950 shoemake 2026-01-14 11:24:05 
AFz407 212.1  43.3 212.1  43.3 6.38E-03 001.5 033.3  86.8 11.92764 11.76757 5.673913 shoemake 2026-01-14 11:25:44 
AFz468 212.3  43.2 212.3  43.2 5.27E-03 001.5 033.7  86.6 9.868242 9.747286 4.693985 shoemake 2026-01-14 11:27:23 
AFz538 212.3  42.9 212.3  42.9 4.23E-03 001.5 032.2  86.4 7.936304 7.851658 3.773334 shoemake 2026-01-14 11:29:02 
AFz619 212.6  42.1 212.6  42.1 3.21E-03 001.5 029.6  85.6 6.039315 5.953687 2.867021 shoemake 2026-01-14 11:30:41 
AFz712 213.2  41.0 213.2  41.0 2.23E-03 001.5 028.3  84.4 4.231799 4.166154 2.021020 shoemake 2026-01-14 11:32:20 
AFz819 214.6  38.9 214.6  38.9 1.37E-03 001.5 028.6  82.1 2.634040 2.581116 1.248294 shoemake 2026-01-14 11:33:59 
AFz942 216.9  30.9 216.9  30.9 5.65E-04 001.5 022.6  73.9 1.105871 1.080935 0.522058 shoemake 2026-01-14 11:35:38 
AFz083 229.9  01.1 229.9  01.1 2.01E-04 001.3 027.6  41.8 0.395801 0.397952 0.204679 shoemake 2026-01-14 11:37:17 
AFz246 225.1 -07.6 225.1 -07.6 1.68E-04 001.4 018.6  34.7 0.334690 0.385067 0.148485 shoemake 2026-01-14 11:38:57 
AFz433 230.6 -11.7 230.6 -11.7 1.32E-04 001.5 023.6  29.3 0.292463 0.311745 0.158117 shoemake 2026-01-14 11:40:37 
AFz648 244.4 -11.2 244.4 -11.2 1.33E-04 001.5 038.0  24.9 0.267371 0.306790 0.143982 shoemake 2026-01-14 11:42:16 
AFz895 235.7 -17.9 235.7 -17.9 1.38E-04 001.4 026.7  21.9 0.261694 0.279149 0.164824 shoemake 2026-01-14 11:43:56 
AFz179 239.9 -10.8 239.9 -10.8 1.16E-04 001.4 033.6  27.1 0.222773 0.256698 0.099248 shoemake 2026-01-14 11:45:35 
AFz506 238.2 -24.7 238.2 -24.7 1.29E-04 001.5 026.6  14.7 0.269407 0.274191 0.133517 shoemake 2026-01-14 11:47:15 
AFz882 238.9 -15.5 238.9 -15.5 1.21E-04 001.7 030.7  23.1 0.273632 0.326429 0.097765 shoemake 2026-01-14 11:48:55 
AFz314 233.5 -22.9 233.5 -22.9 1.24E-04 001.4 023.0  17.8 0.234259 0.280375 0.130042 shoemake 2026-01-14 11:50:35 
AFz812 235.0 -25.0 235.0 -25.0 1.44E-04 001.4 023.7  15.4 0.292246 0.309727 0.119594 shoemake 2026-01-14 11:52:16 
AFmax0 307.1  38.2 307.1  38.2 1.27E-04 001.7 122.8  22.0 0.312747 0.315591 0.106471 shoemake 2026-01-14 11:54:37 
IRMz   306.7  37.9 306.7  37.9 1.27E-04 001.6 122.4  22.0 0.310756 0.308135 0.113739 shoemake 2026-01-14 11:56:25 
AFmax0 099.4  39.2 099.4  39.2 1.26E-04 001.4 229.0  15.5 0.296143 0.306151 0.133371 shoemake 2026-01-14 11:58:46 
IRMz00 030.1 -44.6 030.1 -44.6 3.14E-01 001.5 190.2 -88.6 594.3187 605.6064 728.8627 shoemake 2026-01-14 12:00:39 
AFz 16 030.0 -44.6 030.0 -44.6 3.05E-01 001.5 189.7 -88.6 562.4230 575.7164 383.6530 shoemake 2026-01-14 12:02:18 
AFz 32 030.0 -44.6 030.0 -44.6 2.81E-01 001.5 189.5 -88.6 512.4852 523.0514 256.6194 shoemake 2026-01-14 12:03:56 
AFz 50 030.0 -44.5 030.0 -44.5 2.46E-01 001.5 188.9 -88.5 447.6845 457.5590 225.4739 shoemake 2026-01-14 12:05:35 
AFz 66 030.0 -44.5 030.0 -44.5 2.15E-01 001.5 188.9 -88.5 390.6642 398.8417 199.1605 shoemake 2026-01-14 12:07:15 
AFz 87 030.1 -44.4 030.1 -44.4 1.77E-01 001.5 189.4 -88.4 320.3912 327.8482 166.0810 shoemake 2026-01-14 12:08:53 
AFz115 030.1 -44.4 030.1 -44.4 1.33E-01 001.5 191.2 -88.4 241.3553 247.3419 128.1533 shoemake 2026-01-14 12:10:33 
AFz133 030.2 -44.4 030.2 -44.4 1.12E-01 001.5 191.9 -88.4 203.5600 208.6886 109.2393 shoemake 2026-01-14 12:12:12 
AFz153 030.2 -44.4 030.2 -44.4 9.40E-02 001.5 192.4 -88.4 169.9252 174.2218 91.91019 shoemake 2026-01-14 12:13:51 
AFz176 030.2 -44.5 030.2 -44.5 7.78E-02 001.5 192.4 -88.4 140.5422 144.0786 76.62613 shoemake 2026-01-14 12:15:30 
AFz202 030.2 -44.5 030.2 -44.5 6.36E-02 001.5 192.6 -88.4 114.9429 117.8803 62.89138 shoemake 2026-01-14 12:17:09 
AFz232 030.1 -44.5 030.1 -44.5 5.12E-02 001.5 192.0 -88.5 92.53783 94.86357 50.96898 shoemake 2026-01-14 12:18:49 
AFz267 030.1 -44.6 030.1 -44.6 4.03E-02 001.5 191.7 -88.5 72.79704 74.64641 40.33322 shoemake 2026-01-14 12:20:28 
AFz308 030.1 -44.6 030.1 -44.6 3.14E-02 001.5 192.6 -88.5 56.77741 58.22595 31.67971 shoemake 2026-01-14 12:22:07 
AFz354 030.1 -44.6 030.1 -44.6 2.43E-02 001.5 192.6 -88.6 43.88752 45.00876 24.68285 shoemake 2026-01-14 12:23:46 
AFz407 030.2 -44.7 030.2 -44.7 1.87E-02 001.5 193.8 -88.6 33.72189 34.55962 19.07531 shoemake 2026-01-14 12:25:25 
AFz468 030.3 -44.6 030.3 -44.6 1.38E-02 001.5 196.0 -88.5 24.74518 25.42610 14.23103 shoemake 2026-01-14 12:27:04 
AFz538 030.4 -44.5 030.4 -44.5 9.86E-03 001.5 199.1 -88.4 17.74987 18.21394 10.16529 shoemake 2026-01-14 12:28:43 
AFz619 030.7 -44.2 030.7 -44.2 6.49E-03 001.5 201.8 -88.1 11.66850 11.96149 6.680592 shoemake 2026-01-14 12:30:22 
AFz712 031.6 -44.0 031.6 -44.0 3.73E-03 001.5 213.6 -87.6 6.698859 6.873351 3.817648 shoemake 2026-01-14 12:32:01 
AFz819 034.2 -43.1 034.2 -43.1 1.73E-03 001.4 229.2 -85.7 3.086068 3.140047 1.750913 shoemake 2026-01-14 12:33:40 
AFz942 045.7 -33.8 045.7 -33.8 4.52E-04 001.3 230.4 -72.8 0.766544 0.804718 0.403341 shoemake 2026-01-14 12:35:19 
AFz083 068.5 -20.4 068.5 -20.4 1.97E-04 001.1 244.3 -49.3 0.313195 0.334167 0.069091 shoemake 2026-01-14 12:36:58 
AFz246 078.5 -09.8 078.5 -09.8 1.36E-04 001.1 244.8 -35.0 0.238625 0.240603 0.050658 shoemake 2026-01-14 12:38:37 
AFz433 075.0 -04.6 075.0 -04.6 1.39E-04 001.4 237.6 -33.0 0.282449 0.261682 0.060076 shoemake 2026-01-14 12:40:15 
AFz648 076.3  01.0 076.3  01.0 1.33E-04 001.1 235.1 -27.8 0.231156 0.243402 0.069864 shoemake 2026-01-14 12:41:54 
AFz895 090.1  11.2 090.1  11.2 1.24E-04 001.2 240.5 -11.3 0.241821 0.267642 0.079741 shoemake 2026-01-14 12:43:34 
AFz179 087.2  20.9 087.2  20.9 1.23E-04 001.2 232.3 -05.2 0.240604 0.239360 0.060196 shoemake 2026-01-14 12:45:12 
AFz506 102.0  07.9 102.0  07.9 1.04E-04 001.5 251.7 -06.4 0.279138 0.246844 0.040975 shoemake 2026-01-14 12:46:52 
AFz882 101.8  12.6 101.8  12.6 1.04E-04 001.5 248.4 -03.0 0.265839 0.258380 0.062617 shoemake 2026-01-14 12:48:32 
AFz314 100.0  23.9 100.0  23.9 1.02E-04 001.2 239.7  04.4 0.228557 0.247562 0.068186 shoemake 2026-01-14 12:50:11 
AFz812 095.8  15.5 095.8  15.5 1.12E-04 001.1 242.1 -04.6 0.222410 0.235147 0.059745 shoemake 2026-01-14 12:51:52 
AFmax0 207.6 -31.3 207.6 -31.3 1.25E-04 005.2 358.2  12.7 0.274598 1.124036 0.139349 shoemake 2026-01-14 12:54:13 
IRMz   211.0 -31.3 211.0 -31.3 1.25E-04 001.4 001.2  12.7 0.257506 0.295527 0.121689 shoemake 2026-01-14 12:56:01 
AFmax0 281.2  08.6 281.2  08.6 1.09E-04 001.7 082.6  19.0 0.306369 0.338754 0.033284 shoemake 2026-01-14 12:58:21 
IRMz57 029.4 -46.4 029.4 -46.4 1.31E-02 001.5 023.4 -89.6 23.83228 24.50668 11.16746 shoemake 2026-01-14 13:00:21 
IRMz76 029.8 -46.4 029.8 -46.4 2.67E-02 001.5 352.2 -89.6 48.45965 49.87372 23.32155 shoemake 2026-01-14 13:02:24 
IRMz00 029.9 -46.4 029.9 -46.4 4.19E-02 001.5 341.1 -89.6 76.16401 78.46330 37.29878 shoemake 2026-01-14 13:04:11 
IRMz33 030.0 -46.4 030.0 -46.4 8.67E-02 001.5 335.5 -89.5 157.6076 162.4947 77.73528 shoemake 2026-01-14 13:05:58 
IRMz53 030.0 -46.5 030.0 -46.5 1.07E-01 001.5 336.4 -89.5 194.8602 200.7833 94.49447 shoemake 2026-01-14 13:07:45 
IRMz76 030.0 -46.5 030.0 -46.5 1.31E-01 001.5 337.7 -89.5 237.7610 245.0968 114.8994 shoemake 2026-01-14 13:09:36 
IRMz02 030.0 -46.5 030.0 -46.5 1.53E-01 001.5 339.5 -89.5 278.8823 286.8632 133.1114 shoemake 2026-01-14 13:11:26 
IRMz32 029.9 -46.5 029.9 -46.5 1.77E-01 001.5 341.4 -89.5 322.5786 331.6778 152.7284 shoemake 2026-01-14 13:13:16 
IRMz67 029.9 -46.5 029.9 -46.5 2.01E-01 001.5 342.9 -89.5 364.5091 374.3989 171.0627 shoemake 2026-01-14 13:15:05 
IRMz08 029.9 -46.5 029.9 -46.5 2.23E-01 001.5 344.4 -89.5 406.7513 417.3044 188.9192 shoemake 2026-01-14 13:16:58 
IRMz54 029.9 -46.5 029.9 -46.5 2.43E-01 001.5 345.3 -89.5 442.2849 454.0944 202.7460 shoemake 2026-01-14 13:18:50 
IRMz07 029.9 -46.5 029.9 -46.5 2.60E-01 001.5 345.6 -89.5 474.5210 486.9580 215.4792 shoemake 2026-01-14 13:20:42 
IRMz68 029.9 -46.5 029.9 -46.5 2.76E-01 001.5 345.6 -89.5 503.7744 517.1526 228.2542 shoemake 2026-01-14 13:22:34 
IRMz38 029.9 -46.5 029.9 -46.5 2.90E-01 001.5 345.4 -89.5 529.3197 542.6628 243.5044 shoemake 2026-01-14 13:24:29 
IRMz19 029.9 -46.5 029.9 -46.5 3.00E-01 001.5 345.1 -89.5 549.5187 564.2842 292.8626 shoemake 2026-01-14 13:26:23 
IRMz12 029.9 -46.5 029.9 -46.5 3.06E-01 001.5 344.7 -89.5 567.7080 582.3728 392.6344 shoemake 2026-01-14 13:28:17 
IRMz19 029.9 -46.5 029.9 -46.5 3.10E-01 001.5 344.0 -89.5 581.2342 597.0990 527.3762 shoemake 2026-01-14 13:30:11 
IRMz42 029.9 -46.5 029.9 -46.5 3.12E-01 001.6 343.4 -89.5 592.5629 609.0824 655.7672 shoemake 2026-01-14 13:32:05 
IRMz83 029.9 -46.5 029.9 -46.5 3.14E-01 001.6 342.9 -89.5 602.1989 618.7826 754.8457 shoemake 2026-01-14 13:33:59 
IRMz46 029.9 -46.5 029.9 -46.5 3.15E-01 001.6 342.3 -89.5 608.9590 625.9682 835.9023 shoemake 2026-01-14 13:35:53 
IRMz33 029.9 -46.5 029.9 -46.5 3.16E-01 001.6 341.7 -89.5 614.5727 630.9326 920.8514 shoemake 2026-01-14 13:37:47 
IRMz48 029.9 -46.5 029.9 -46.5 3.16E-01 001.6 341.3 -89.5 618.7207 635.7009 945.2428 shoemake 2026-01-14 13:39:41 
IRMz95 029.9 -46.5 029.9 -46.5 3.17E-01 001.6 341.1 -89.5 622.0465 638.8156 974.6001 shoemake 2026-01-14 13:41:35 
IRMz79 029.9 -46.5 029.9 -46.5 3.16E-01 001.6 340.7 -89.5 624.7031 639.6805 994.4567 shoemake 2026-01-14 13:43:29 
IRMz06 029.9 -46.5 029.9 -46.5 3.18E-01 001.6 340.5 -89.5 624.7810 641.5492 969.5977 shoemake 2026-01-14 13:45:23 
IRMz82 029.9 -46.5 029.9 -46.5 3.17E-01 001.6 340.4 -89.5 628.0948 643.9330 1007.246 shoemake 2026-01-14 13:47:16 
IRMz14 029.9 -46.5 029.9 -46.5 3.16E-01 001.6 340.0 -89.5 627.9065 645.0714 983.1079 shoemake 2026-01-14 13:49:10 
IRMz12 029.9 -46.5 029.9 -46.5 3.17E-01 001.6 340.1 -89.5 628.8349 645.3698 975.4787 shoemake 2026-01-14 13:51:03 
IRMz83 029.9 -46.5 029.9 -46.5 3.17E-01 001.6 340.1 -89.5 630.3305 647.6764 991.7160 shoemake 2026-01-14 13:52:58 
IRMz41 029.9 -46.5 029.9 -46.5 3.17E-01 001.6 339.7 -89.5 630.2947 647.7028 1017.431 shoemake 2026-01-14 13:54:56 
IRMz97 029.9 -46.5 029.9 -46.5 3.17E-01 001.6 339.5 -89.5 629.7775 648.6140 1062.322 shoemake 2026-01-14 13:56:55 
IRMz67 029.9 -46.5 029.9 -46.5 3.17E-01 001.6 339.6 -89.5 631.4482 646.6202 1002.071 shoemake 2026-01-14 13:58:57 
IRMz67 029.9 -46.5 029.9 -46.5 3.17E-01 001.6 339.6 -89.5 631.7836 648.6229 967.0968 shoemake 2026-01-14 14:01:03 
IRMz17 029.9 -46.5 029.9 -46.5 3.17E-01 001.6 339.5 -89.5 630.1708 646.7662 958.6659 shoemake 2026-01-14 14:04:41 
IRMz00 029.9 -46.5 029.9 -46.5 3.17E-01 001.6 339.8 -89.5 629.0256 645.4879 945.4085 shoemake 2026-01-14 14:08:18 
AFz 16 029.9 -46.5 029.9 -46.5 3.13E-01 001.6 340.3 -89.5 600.9688 616.2119 735.7010 shoemake 2026-01-14 14:09:56 
AFz 32 029.9 -46.5 029.9 -46.5 2.98E-01 001.5 341.7 -89.5 549.5452 563.6063 288.2805 shoemake 2026-01-14 14:11:34 
AFz 50 029.9 -46.5 029.9 -46.5 2.65E-01 001.5 343.3 -89.5 484.0765 496.7259 199.5609 shoemake 2026-01-14 14:13:12 
AFz 66 029.9 -46.5 029.9 -46.5 2.33E-01 001.5 345.1 -89.4 427.3083 438.4268 173.3061 shoemake 2026-01-14 14:14:51 
AFz 87 029.9 -46.6 029.9 -46.6 1.94E-01 001.5 347.3 -89.4 355.4543 365.0037 139.4541 shoemake 2026-01-14 14:16:29 
AFz115 029.8 -46.6 029.8 -46.6 1.51E-01 001.5 350.9 -89.4 277.0835 283.7674 104.4996 shoemake 2026-01-14 14:18:08 
AFz133 029.8 -46.5 029.8 -46.5 1.30E-01 001.5 352.1 -89.5 238.6672 244.8111 88.88204 shoemake 2026-01-14 14:19:46 
AFz153 029.8 -46.5 029.8 -46.5 1.12E-01 001.5 351.5 -89.5 205.4065 210.5438 75.06035 shoemake 2026-01-14 14:21:23 
AFz176 029.8 -46.5 029.8 -46.5 9.54E-02 001.5 349.0 -89.5 175.0719 179.4102 62.69099 shoemake 2026-01-14 14:23:02 
AFz202 029.9 -46.5 029.9 -46.5 8.09E-02 001.5 343.8 -89.5 148.6015 152.0875 52.60857 shoemake 2026-01-14 14:24:41 
AFz232 030.0 -46.4 030.0 -46.4 6.81E-02 001.5 336.6 -89.5 125.1626 128.1538 43.66383 shoemake 2026-01-14 14:26:19 
AFz267 030.0 -46.4 030.0 -46.4 5.68E-02 001.5 329.9 -89.6 104.5801 106.8890 35.86239 shoemake 2026-01-14 14:27:58 
AFz308 030.1 -46.3 030.1 -46.3 4.76E-02 001.5 322.0 -89.6 87.62518 89.45359 29.37434 shoemake 2026-01-14 14:29:36 
AFz354 030.1 -46.3 030.1 -46.3 4.00E-02 001.5 314.3 -89.6 73.70226 75.16918 24.15476 shoemake 2026-01-14 14:31:14 
AFz407 030.2 -46.3 030.2 -46.3 3.39E-02 001.5 313.0 -89.5 62.55287 63.75516 20.05787 shoemake 2026-01-14 14:32:52 
AFz468 030.2 -46.3 030.2 -46.3 2.85E-02 001.5 306.7 -89.5 52.65797 53.62870 16.44722 shoemake 2026-01-14 14:34:31 
AFz538 030.2 -46.3 030.2 -46.3 2.40E-02 001.5 305.1 -89.5 44.28580 45.08569 13.52589 shoemake 2026-01-14 14:36:09 
AFz619 030.2 -46.2 030.2 -46.2 1.99E-02 001.5 304.8 -89.6 36.77456 37.42060 11.00042 shoemake 2026-01-14 14:37:48 
AFz712 030.2 -46.3 030.2 -46.3 1.64E-02 001.5 310.8 -89.6 30.19446 30.69382 8.933467 shoemake 2026-01-14 14:39:28 
AFz819 030.2 -46.3 030.2 -46.3 1.34E-02 001.5 317.1 -89.5 24.76516 25.17803 7.279337 shoemake 2026-01-14 14:41:07 
AFz942 030.1 -46.2 030.1 -46.2 1.08E-02 001.5 310.2 -89.6 19.93432 20.25329 5.847047 shoemake 2026-01-14 14:42:46 
AFz083 029.7 -46.3 029.7 -46.3 8.66E-03 001.5 001.0 -89.7 15.93169 16.17594 4.819138 shoemake 2026-01-14 14:44:26 
AFz246 029.9 -46.4 029.9 -46.4 6.78E-03 001.5 345.8 -89.6 12.49205 12.69619 3.753218 shoemake 2026-01-14 14:46:05 
AFz433 029.5 -46.3 029.5 -46.3 5.28E-03 001.5 025.2 -89.6 9.682558 9.828996 3.023482 shoemake 2026-01-14 14:47:45 
AFz648 029.3 -46.6 029.3 -46.6 4.04E-03 001.5 023.2 -89.4 7.400573 7.525188 2.373160 shoemake 2026-01-14 14:49:24 
AFz895 028.6 -46.5 028.6 -46.5 3.11E-03 001.5 055.1 -89.1 5.637158 5.728548 1.877719 shoemake 2026-01-14 14:51:04 
AFz179 027.9 -46.4 027.9 -46.4 2.31E-03 001.5 073.3 -88.7 4.169379 4.249800 1.429680 shoemake 2026-01-14 14:52:43 
AFz506 027.3 -46.2 027.3 -46.2 1.75E-03 001.5 083.8 -88.4 3.143719 3.211145 1.150616 shoemake 2026-01-14 14:54:23 
AFz882 026.3 -46.5 026.3 -46.5 1.31E-03 001.5 075.8 -87.6 2.353508 2.396047 0.858476 shoemake 2026-01-14 14:56:03 
AFz314 023.9 -48.5 023.9 -48.5 9.48E-04 001.5 055.9 -85.3 1.664403 1.704153 0.648034 shoemake 2026-01-14 14:57:44 
AFz812 022.4 -47.5 022.4 -47.5 6.97E-04 001.4 070.2 -84.8 1.198737 1.214664 0.459523 shoemake 2026-01-14 14:59:24 
AFmax0 029.1 -38.7 029.1 -38.7 5.04E-04 001.4 176.5 -82.7 0.856628 0.881551 0.329069 shoemake 2026-01-14 15:01:46 
