NWF-B- 3I 
         61.0  63.0   0.0   0.0   1.0
NRM    035.0  18.4 035.0  18.4 4.85E-03 001.3 096.7  29.8 8.664153 9.347919 2.825606 shoemake 2025-12-30 12:47:02 
AF  16 044.0  47.0 044.0  47.0 4.85E-03 001.0 130.9  29.8 6.763395 6.972240 1.138976 shoemake 2025-12-30 12:49:19 
AF  32 255.5  80.2 255.5  80.2 4.77E-03 001.2 190.8  29.2 7.164209 8.219915 2.630057 shoemake 2025-12-30 12:51:36 
AF  50 259.0  28.4 259.0  28.4 4.68E-03 000.9 250.6  28.4 5.953974 7.504972 2.928292 shoemake 2025-12-30 12:53:53 
AF  66 282.1 -15.1 282.1 -15.1 4.53E-03 000.7 306.5  27.5 4.501929 3.884647 3.097559 shoemake 2025-12-30 12:56:10 
AF  87 349.6 -33.9 349.6 -33.9 4.23E-03 001.0 018.3  26.2 7.341764 4.379804 2.862630 shoemake 2025-12-30 12:58:28 
AF 115 035.7  04.5 035.7  04.5 3.76E-03 001.1 082.8  23.4 7.379795 5.437426 2.233021 shoemake 2025-12-30 13:00:44 
AF 133 055.6  45.5 055.6  45.5 3.35E-03 000.9 131.3  21.6 4.157376 4.001033 1.718066 shoemake 2025-12-30 13:03:01 
AF 153 197.3  78.8 197.3  78.8 2.93E-03 001.0 188.7  19.2 3.919058 3.886675 2.383798 shoemake 2025-12-30 13:05:18 
AF 176 244.3  27.8 244.3  27.8 2.62E-03 000.7 246.5  16.0 2.586107 4.169431 2.280571 shoemake 2025-12-30 13:07:35 
AF 202 265.3 -18.5 265.3 -18.5 2.30E-03 000.7 298.7  12.8 1.648900 0.776953 2.305668 shoemake 2025-12-30 13:09:52 
AF 232 336.9 -52.3 336.9 -52.3 2.03E-03 000.7 004.5  10.4 2.660238 0.702561 1.860417 shoemake 2025-12-30 13:12:09 
AF 267 041.7 -14.3 041.7 -14.3 1.85E-03 000.7 068.8  08.9 2.347633 2.211731 1.363757 shoemake 2025-12-30 13:14:25 
AF 308 065.4  28.9 065.4  28.9 1.66E-03 000.8 118.3  08.1 1.906560 0.763667 1.081070 shoemake 2025-12-30 13:16:42 
AF 354 135.8  70.7 135.8  70.7 1.49E-03 000.6 175.4  08.2 1.654799 1.197898 1.070924 shoemake 2025-12-30 13:18:59 
AF 407 232.5  32.1 232.5  32.1 1.37E-03 000.5 238.2  08.4 0.781720 1.864739 0.882706 shoemake 2025-12-30 13:21:16 
AF 468 259.5 -16.9 259.5 -16.9 1.25E-03 000.6 294.3  09.0 1.106853 0.329427 0.887507 shoemake 2025-12-30 13:23:34 
AF 538 304.8 -51.0 304.8 -51.0 1.13E-03 000.4 344.4  09.0 1.476402 0.541978 0.778502 shoemake 2025-12-30 13:25:51 
AF 619 031.6 -28.5 031.6 -28.5 1.01E-03 000.6 051.6  08.8 0.976557 1.202380 0.574718 shoemake 2025-12-30 13:28:09 
AF 712 054.5  09.0 054.5  09.0 9.21E-04 000.7 095.7  08.6 0.975949 0.649482 0.522177 shoemake 2025-12-30 13:30:28 
AF 819 068.6  37.8 068.6  37.8 8.12E-04 000.8 127.6  09.7 1.129288 0.599144 0.437562 shoemake 2025-12-30 13:32:48 
AF 940 070.1  35.6 070.1  35.6 7.33E-04 000.9 126.2  07.6 1.060185 0.493176 0.426957 shoemake 2025-12-30 13:35:09 
AFmax0 076.7  30.5 076.7  30.5 3.52E-04 001.0 124.5  00.3 0.589099 0.222558 0.218588 shoemake 2025-12-30 13:37:29 
ARM    078.8  29.7 078.8  29.7 3.41E-04 001.0 124.8 -01.6 0.558737 0.210030 0.228931 shoemake 2025-12-30 13:39:07 
ARM  1 331.9  28.2 331.9  28.2 7.48E-03 001.6 121.6  87.8 15.22721 15.36477 4.628949 shoemake 2025-12-30 13:40:48 
ARM  2 330.7  27.4 330.7  27.4 1.47E-02 001.6 117.1  89.0 29.90325 30.02603 9.306795 shoemake 2025-12-30 13:42:30 
ARM  3 330.3  27.2 330.3  27.2 2.16E-02 001.6 110.2  89.5 43.95165 44.10865 13.83323 shoemake 2025-12-30 13:44:11 
ARM  4 330.1  27.1 330.1  27.1 2.83E-02 001.6 102.6  89.6 57.32075 57.38499 18.18825 shoemake 2025-12-30 13:45:52 
ARM  5 330.0  27.0 330.0  27.0 3.49E-02 001.6 084.5  89.8 70.47441 70.56374 22.51833 shoemake 2025-12-30 13:47:33 
ARM  6 329.9  26.9 329.9  26.9 4.10E-02 001.6 071.6  89.8 82.71280 82.82033 26.56261 shoemake 2025-12-30 13:49:15 
ARM  7 329.8  26.9 329.8  26.9 4.73E-02 001.6 052.4  89.8 95.27242 95.20419 30.64827 shoemake 2025-12-30 13:50:56 
ARM  8 329.8  26.9 329.8  26.9 5.34E-02 001.6 031.5  89.8 107.1890 107.0345 34.54232 shoemake 2025-12-30 13:52:37 
ARM  9 329.8  26.8 329.8  26.8 5.93E-02 001.6 019.7  89.8 118.8360 118.6205 38.42470 shoemake 2025-12-30 13:54:17 
ARM 10 329.8  26.8 329.8  26.8 6.51E-02 001.6 014.4  89.8 130.2858 129.9982 41.95143 shoemake 2025-12-30 13:55:58 
AFz 16 329.8  26.8 329.8  26.8 6.40E-02 001.6 014.0  89.8 127.8035 127.4423 42.00174 shoemake 2025-12-30 13:57:36 
AFz 32 329.7  26.8 329.7  26.8 6.28E-02 001.6 012.1  89.8 125.1376 124.8654 40.40395 shoemake 2025-12-30 13:59:14 
AFz 50 329.7  26.8 329.7  26.8 6.06E-02 001.6 007.7  89.8 120.4194 120.1512 37.13222 shoemake 2025-12-30 14:00:52 
AFz 66 329.7  26.8 329.7  26.8 5.76E-02 001.6 002.3  89.8 113.1978 114.3155 32.94971 shoemake 2025-12-30 14:02:31 
AFz 87 329.7  26.8 329.7  26.8 5.24E-02 001.6 356.6  89.8 103.4572 104.0123 26.52415 shoemake 2025-12-30 14:04:09 
AFz115 329.7  26.7 329.7  26.7 4.51E-02 001.6 356.6  89.7 88.81788 89.50732 19.43990 shoemake 2025-12-30 14:05:48 
AFz133 329.7  26.7 329.7  26.7 4.06E-02 001.6 359.1  89.7 79.74211 80.45334 15.82715 shoemake 2025-12-30 14:07:26 
AFz153 329.7  26.6 329.7  26.6 3.62E-02 001.6 002.0  89.6 70.96823 71.57327 12.70570 shoemake 2025-12-30 14:09:05 
AFz176 329.8  26.6 329.8  26.6 3.19E-02 001.6 008.1  89.6 61.49194 62.79706 9.946002 shoemake 2025-12-30 14:10:43 
AFz202 329.8  26.6 329.8  26.6 2.78E-02 001.6 015.5  89.6 54.09258 54.56664 7.704041 shoemake 2025-12-30 14:12:21 
AFz232 329.9  26.6 329.9  26.6 2.39E-02 001.6 029.5  89.6 46.33004 46.75602 5.915393 shoemake 2025-12-30 14:14:00 
AFz267 330.1  26.6 330.1  26.6 2.02E-02 001.6 042.7  89.5 39.00152 39.30949 4.423499 shoemake 2025-12-30 14:15:38 
AFz308 330.3  26.7 330.3  26.7 1.70E-02 001.6 060.8  89.4 32.69563 32.95021 3.392415 shoemake 2025-12-30 14:17:16 
AFz354 330.5  26.8 330.5  26.8 1.42E-02 001.6 074.4  89.3 27.30203 27.51793 2.624228 shoemake 2025-12-30 14:18:54 
AFz407 330.7  26.9 330.7  26.9 1.19E-02 001.6 086.7  89.1 22.73950 22.95245 2.058328 shoemake 2025-12-30 14:20:33 
AFz468 331.1  27.1 331.1  27.1 9.64E-03 001.6 097.1  88.8 18.41142 18.62250 1.570951 shoemake 2025-12-30 14:22:11 
AFz538 331.6  27.4 331.6  27.4 7.74E-03 001.5 102.7  88.2 14.72408 14.91287 1.203528 shoemake 2025-12-30 14:23:50 
AFz619 332.4  27.8 332.4  27.8 5.90E-03 001.5 110.2  87.5 11.18502 11.39789 0.895504 shoemake 2025-12-30 14:25:29 
AFz712 333.8  28.6 333.8  28.6 4.16E-03 001.5 114.4  86.0 7.849219 7.979441 0.618350 shoemake 2025-12-30 14:27:08 
AFz819 337.1  29.8 337.1  29.8 2.56E-03 001.7 115.3  82.9 5.845670 5.218703 0.385185 shoemake 2025-12-30 14:28:46 
AFz942 348.3  34.1 348.3  34.1 1.09E-03 001.5 118.3  72.5 2.007980 2.052233 0.273945 shoemake 2025-12-30 14:30:25 
AFz083 044.0  37.3 044.0  37.3 3.81E-04 001.0 120.0  27.8 0.619398 0.453697 0.215439 shoemake 2025-12-30 14:32:03 
AFz246 054.4  36.9 054.4  36.9 3.59E-04 001.0 122.2  19.8 0.597198 0.368049 0.200930 shoemake 2025-12-30 14:33:40 
AFz433 061.2  35.1 061.2  35.1 3.45E-04 001.0 122.5  14.0 0.595121 0.324029 0.216450 shoemake 2025-12-30 14:35:20 
AFz648 065.4  34.3 065.4  34.3 3.44E-04 001.0 123.3  10.5 0.581202 0.295896 0.234125 shoemake 2025-12-30 14:36:59 
AFz895 068.2  31.5 068.2  31.5 3.51E-04 001.0 121.8  07.2 0.563568 0.250497 0.231894 shoemake 2025-12-30 14:38:38 
AFz179 071.0  30.5 071.0  30.5 3.39E-04 001.0 122.0  04.6 0.552458 0.252747 0.209089 shoemake 2025-12-30 14:40:17 
AFz506 070.1  29.2 070.1  29.2 3.47E-04 000.9 120.5  04.6 0.560068 0.222404 0.209877 shoemake 2025-12-30 14:41:58 
AFz882 070.6  31.3 070.6  31.3 3.54E-04 001.0 122.6  05.3 0.580912 0.231297 0.215422 shoemake 2025-12-30 14:43:37 
AFz314 074.1  28.5 074.1  28.5 3.51E-04 001.0 121.7  01.3 0.589330 0.214353 0.189384 shoemake 2025-12-30 14:45:17 
AFz812 072.3  29.6 072.3  29.6 3.43E-04 001.0 121.8  03.1 0.579196 0.235845 0.205295 shoemake 2025-12-30 14:46:58 
AFmax0 075.9  31.1 075.9  31.1 3.35E-04 001.0 124.7  01.3 0.587607 0.252385 0.199053 shoemake 2025-12-30 14:49:18 
IRMz   075.8  31.0 075.8  31.0 3.35E-04 001.0 124.6  01.3 0.572095 0.239001 0.198504 shoemake 2025-12-30 14:51:07 
AFmax0 074.7  26.1 074.7  26.1 3.18E-04 001.0 119.8 -00.4 0.557929 0.249281 0.165911 shoemake 2025-12-30 14:53:27 
IRMz00 149.4 -27.4 149.4 -27.4 3.21E-01 002.0 039.5 -89.5 772.8094 773.7574 675.2117 shoemake 2025-12-30 14:55:21 
AFz 16 149.4 -27.4 149.4 -27.4 3.18E-01 001.9 040.8 -89.5 743.5045 744.4425 774.3597 shoemake 2025-12-30 14:57:01 
AFz 32 149.3 -27.3 149.3 -27.3 3.16E-01 001.8 043.4 -89.5 703.6434 704.8361 1080.761 shoemake 2025-12-30 14:58:39 
AFz 50 149.3 -27.3 149.3 -27.3 3.12E-01 001.7 046.6 -89.5 648.1439 650.8996 1250.546 shoemake 2025-12-30 15:00:18 
AFz 66 149.3 -27.3 149.3 -27.3 3.03E-01 001.6 049.5 -89.5 597.2402 600.1872 986.6177 shoemake 2025-12-30 15:01:57 
AFz 87 149.3 -27.3 149.3 -27.3 2.84E-01 001.5 053.3 -89.5 526.1961 530.3434 166.5234 shoemake 2025-12-30 15:03:37 
AFz115 149.2 -27.3 149.2 -27.3 2.39E-01 001.5 058.1 -89.5 433.4506 439.8240 72.30982 shoemake 2025-12-30 15:05:15 
AFz133 149.2 -27.3 149.2 -27.3 2.12E-01 001.5 061.0 -89.4 382.3853 387.8725 58.49963 shoemake 2025-12-30 15:06:55 
AFz153 149.1 -27.3 149.1 -27.3 1.84E-01 001.5 063.5 -89.4 332.6309 337.0179 46.75662 shoemake 2025-12-30 15:08:33 
AFz176 149.1 -27.2 149.1 -27.2 1.58E-01 001.5 066.0 -89.4 283.7997 287.4328 35.24267 shoemake 2025-12-30 15:10:12 
AFz202 149.0 -27.2 149.0 -27.2 1.33E-01 001.5 068.5 -89.4 238.8755 241.9259 26.25034 shoemake 2025-12-30 15:11:51 
AFz232 149.0 -27.2 149.0 -27.2 1.10E-01 001.5 071.1 -89.3 197.0406 199.2107 18.91055 shoemake 2025-12-30 15:13:30 
AFz267 148.9 -27.2 148.9 -27.2 8.88E-02 001.5 073.4 -89.3 158.2353 159.9705 13.48017 shoemake 2025-12-30 15:15:09 
AFz308 148.9 -27.2 148.9 -27.2 7.05E-02 001.4 076.0 -89.3 125.3702 126.6180 9.668128 shoemake 2025-12-30 15:16:47 
AFz354 148.8 -27.2 148.8 -27.2 5.55E-02 001.4 078.9 -89.2 98.36296 99.20991 6.975846 shoemake 2025-12-30 15:18:26 
AFz407 148.7 -27.1 148.7 -27.1 4.33E-02 001.4 081.8 -89.1 76.49497 76.91796 5.120215 shoemake 2025-12-30 15:20:04 
AFz468 148.6 -27.0 148.6 -27.0 3.25E-02 001.4 086.9 -89.0 57.25426 57.76373 3.567609 shoemake 2025-12-30 15:21:42 
AFz538 148.4 -27.0 148.4 -27.0 2.35E-02 001.4 092.1 -88.8 41.34671 41.61655 2.458966 shoemake 2025-12-30 15:23:22 
AFz619 148.0 -26.7 148.0 -26.7 1.56E-02 001.4 099.2 -88.5 27.35411 27.31662 1.481011 shoemake 2025-12-30 15:25:00 
AFz712 147.2 -26.3 147.2 -26.3 9.04E-03 001.4 107.4 -87.7 15.82696 15.84756 0.770307 shoemake 2025-12-30 15:26:39 
AFz819 144.9 -25.1 144.9 -25.1 4.11E-03 001.4 112.3 -85.3 7.198724 7.114655 0.259837 shoemake 2025-12-30 15:28:17 
AFz942 131.6 -17.0 131.6 -17.0 9.71E-04 001.3 117.0 -70.5 1.683289 1.537969 0.059727 shoemake 2025-12-30 15:29:57 
AFz083 114.1 -01.6 114.1 -01.6 4.91E-04 001.1 120.6 -47.4 0.894408 0.575810 0.138344 shoemake 2025-12-30 15:31:35 
AFz246 104.5  04.2 104.5  04.2 4.12E-04 001.0 118.5 -36.3 0.693777 0.418170 0.123656 shoemake 2025-12-30 15:33:13 
AFz433 098.3  07.8 098.3  07.8 3.82E-04 001.0 117.4 -29.3 0.640013 0.316673 0.163958 shoemake 2025-12-30 15:34:51 
AFz648 094.2  12.0 094.2  12.0 3.47E-04 001.0 118.4 -23.6 0.596327 0.277173 0.167201 shoemake 2025-12-30 15:36:30 
AFz895 091.1  15.2 091.1  15.2 3.54E-04 001.0 119.2 -19.2 0.594722 0.217682 0.189782 shoemake 2025-12-30 15:38:08 
AFz179 088.1  18.3 088.1  18.3 3.25E-04 001.0 120.2 -15.1 0.572572 0.227818 0.166613 shoemake 2025-12-30 15:39:47 
AFz506 083.0  19.7 083.0  19.7 3.24E-04 001.0 118.5 -10.3 0.538395 0.206080 0.182476 shoemake 2025-12-30 15:41:26 
AFz882 082.0  20.2 082.0  20.2 3.45E-04 000.9 118.4 -09.2 0.537219 0.171210 0.204142 shoemake 2025-12-30 15:43:06 
AFz314 082.4  20.6 082.4  20.6 3.30E-04 001.0 119.0 -09.3 0.585296 0.208332 0.193673 shoemake 2025-12-30 15:44:45 
AFz812 082.5  19.5 082.5  19.5 3.25E-04 001.0 118.1 -10.0 0.537014 0.184037 0.172218 shoemake 2025-12-30 15:46:24 
AFmax0 075.7  23.3 075.7  23.3 3.30E-04 001.0 117.9 -02.6 0.552494 0.216723 0.192705 shoemake 2025-12-30 15:48:44 
IRMz   075.6  23.3 075.6  23.3 3.30E-04 001.0 117.8 -02.6 0.550071 0.208284 0.191659 shoemake 2025-12-30 15:50:32 
AFmax0 076.8  21.1 076.8  21.1 3.26E-04 001.0 116.5 -04.6 0.560396 0.187849 0.190077 shoemake 2025-12-30 15:52:52 
IRMz57 146.9 -25.8 146.9 -25.8 6.08E-03 001.3 113.7 -87.2 10.16260 9.789565 4.523071 shoemake 2025-12-30 15:54:52 
IRMz76 148.6 -26.6 148.6 -26.6 1.36E-02 001.3 111.1 -88.9 22.66425 21.68117 11.55417 shoemake 2025-12-30 15:56:53 
IRMz00 149.2 -26.8 149.2 -26.8 2.30E-02 001.3 116.0 -89.5 38.35070 36.64626 20.24715 shoemake 2025-12-30 15:58:41 
IRMz33 149.6 -27.0 149.6 -27.0 5.80E-02 001.3 072.3 -89.9 97.03421 93.66771 47.92429 shoemake 2025-12-30 16:00:28 
IRMz53 149.6 -27.1 149.6 -27.1 7.92E-02 001.3 034.8 -89.9 132.3017 128.2848 61.14510 shoemake 2025-12-30 16:02:16 
IRMz76 149.6 -27.1 149.6 -27.1 1.07E-01 001.3 023.2 -89.9 178.1898 173.8575 75.86761 shoemake 2025-12-30 16:04:06 
IRMz02 149.6 -27.2 149.6 -27.2 1.36E-01 001.3 023.2 -89.8 225.9576 221.0640 88.66617 shoemake 2025-12-30 16:05:56 
IRMz32 149.6 -27.2 149.6 -27.2 1.68E-01 001.3 026.2 -89.8 279.1330 274.0313 100.7055 shoemake 2025-12-30 16:07:46 
IRMz67 149.6 -27.2 149.6 -27.2 2.03E-01 001.3 030.0 -89.8 336.0545 330.8472 111.4019 shoemake 2025-12-30 16:09:37 
IRMz08 149.5 -27.2 149.5 -27.2 2.40E-01 001.3 033.2 -89.7 396.2295 390.6200 120.8995 shoemake 2025-12-30 16:11:28 
IRMz54 149.5 -27.2 149.5 -27.2 2.70E-01 001.3 036.3 -89.7 448.7519 443.4611 104.4910 shoemake 2025-12-30 16:13:20 
IRMz07 149.5 -27.3 149.5 -27.3 2.93E-01 001.4 038.6 -89.7 495.3516 490.3022 354.6653 shoemake 2025-12-30 16:15:12 
IRMz68 149.4 -27.3 149.4 -27.3 3.07E-01 001.4 040.7 -89.7 537.6261 533.0192 880.4345 shoemake 2025-12-30 16:17:04 
IRMz38 149.4 -27.3 149.4 -27.3 3.16E-01 001.5 042.0 -89.6 576.5255 570.9913 1152.658 shoemake 2025-12-30 16:18:59 
IRMz19 149.4 -27.3 149.4 -27.3 3.16E-01 001.6 042.7 -89.6 607.7310 601.2229 1128.040 shoemake 2025-12-30 16:20:53 
IRMz12 149.4 -27.3 149.4 -27.3 3.17E-01 001.6 043.8 -89.6 633.2691 627.5835 980.6433 shoemake 2025-12-30 16:22:47 
IRMz19 149.3 -27.3 149.3 -27.3 3.18E-01 001.7 044.2 -89.5 655.2800 649.5725 853.3182 shoemake 2025-12-30 16:24:42 
IRMz42 149.3 -27.3 149.3 -27.3 3.20E-01 001.7 044.4 -89.5 674.3822 669.9753 769.8496 shoemake 2025-12-30 16:26:36 
IRMz83 149.3 -27.3 149.3 -27.3 3.22E-01 001.7 045.9 -89.5 666.1438 670.2505 775.9611 shoemake 2025-12-30 16:28:30 
IRMz46 149.3 -27.3 149.3 -27.3 3.26E-01 001.7 045.2 -89.5 691.4137 691.8226 687.3750 shoemake 2025-12-30 16:30:25 
IRMz33 149.3 -27.4 149.3 -27.4 3.26E-01 001.8 044.8 -89.5 714.1395 711.7377 677.5455 shoemake 2025-12-30 16:32:19 
IRMz48 149.3 -27.4 149.3 -27.4 3.30E-01 001.8 044.5 -89.5 724.0252 723.7329 635.3976 shoemake 2025-12-30 16:34:13 
IRMz95 149.3 -27.4 149.3 -27.4 3.31E-01 001.8 044.3 -89.5 731.8111 733.3409 620.7311 shoemake 2025-12-30 16:36:06 
IRMz79 149.3 -27.3 149.3 -27.3 3.33E-01 001.7 045.8 -89.5 707.6165 719.2412 571.5679 shoemake 2025-12-30 16:38:01 
IRMz06 149.3 -27.4 149.3 -27.4 3.35E-01 001.8 044.0 -89.5 738.9616 743.3339 600.9691 shoemake 2025-12-30 16:39:54 
IRMz82 149.3 -27.4 149.3 -27.4 3.36E-01 001.8 042.2 -89.5 765.5904 762.9675 571.2887 shoemake 2025-12-30 16:41:49 
IRMz14 149.3 -27.3 149.3 -27.3 3.38E-01 001.6 048.7 -89.5 654.7802 693.3802 543.4005 shoemake 2025-12-30 16:43:44 
IRMz12 149.3 -27.3 149.3 -27.3 3.39E-01 001.7 044.4 -89.5 721.7055 739.0745 599.6858 shoemake 2025-12-30 16:45:38 
IRMz83 149.3 -27.3 149.3 -27.3 3.39E-01 001.7 045.3 -89.5 705.2871 729.6783 554.6131 shoemake 2025-12-30 16:47:35 
IRMz41 149.4 -27.4 149.4 -27.4 3.41E-01 001.8 040.7 -89.5 761.9344 767.5154 522.8501 shoemake 2025-12-30 16:49:33 
IRMz97 149.3 -27.3 149.3 -27.3 3.42E-01 001.7 042.1 -89.5 727.0886 746.0635 558.1566 shoemake 2025-12-30 16:51:33 
IRMz67 149.3 -27.3 149.3 -27.3 3.42E-01 001.6 044.3 -89.5 680.6411 713.7015 569.6144 shoemake 2025-12-30 16:53:35 
IRMz67 149.3 -27.3 149.3 -27.3 3.41E-01 001.7 042.3 -89.5 708.8692 733.3842 553.7878 shoemake 2025-12-30 16:55:42 
IRMz17 149.3 -27.3 149.3 -27.3 3.42E-01 001.7 043.7 -89.5 682.1021 711.9113 512.4821 shoemake 2025-12-30 16:59:20 
IRMz00 149.4 -27.3 149.4 -27.3 3.41E-01 001.7 042.1 -89.5 706.6363 728.0174 553.6714 shoemake 2025-12-30 17:02:57 
AFz 16 149.2 -27.2 149.2 -27.2 3.37E-01 001.0 064.9 -89.5 347.3356 482.6329 521.3592 shoemake 2025-12-30 17:04:37 
AFz 32 149.3 -27.3 149.3 -27.3 3.29E-01 001.7 042.0 -89.5 691.0791 697.5220 677.9220 shoemake 2025-12-30 17:06:15 
AFz 50 149.3 -27.3 149.3 -27.3 3.20E-01 001.7 043.8 -89.5 651.8059 655.3398 788.0167 shoemake 2025-12-30 17:07:55 
AFz 66 149.3 -27.3 149.3 -27.3 3.14E-01 001.6 045.7 -89.5 607.7293 612.7522 921.6940 shoemake 2025-12-30 17:09:34 
AFz 87 149.3 -27.3 149.3 -27.3 3.11E-01 001.4 048.4 -89.5 548.4375 551.6845 1159.560 shoemake 2025-12-30 17:11:12 
AFz115 149.3 -27.3 149.3 -27.3 2.96E-01 001.3 051.3 -89.6 470.7479 475.5562 708.8906 shoemake 2025-12-30 17:12:51 
AFz133 149.3 -27.3 149.3 -27.3 2.79E-01 001.2 052.7 -89.6 426.9046 429.9962 200.3224 shoemake 2025-12-30 17:14:31 
AFz153 149.3 -27.3 149.3 -27.3 2.55E-01 001.2 053.9 -89.6 383.8301 387.0700 11.86136 shoemake 2025-12-30 17:16:10 
AFz176 149.3 -27.2 149.3 -27.2 2.29E-01 001.2 055.1 -89.6 342.3158 344.1074 23.88328 shoemake 2025-12-30 17:17:48 
AFz202 149.3 -27.2 149.3 -27.2 2.04E-01 001.2 056.0 -89.6 302.8384 304.9469 18.16988 shoemake 2025-12-30 17:19:27 
AFz232 149.3 -27.2 149.3 -27.2 1.80E-01 001.2 056.4 -89.6 266.1914 267.1860 14.08789 shoemake 2025-12-30 17:21:05 
AFz267 149.4 -27.2 149.4 -27.2 1.52E-01 001.4 050.6 -89.6 267.8281 256.3568 248.0143 shoemake 2025-12-30 17:22:43 
AFz308 013.6  00.9 013.6  00.9 4.92E-08 090.2 065.7  40.4 0.040598 0.039605 0.002538 shoemake 2025-12-30 17:24:21 
AFz354 339.0  20.3 339.0  20.3 7.39E-08 084.3 053.8  79.1 0.030858 0.031444 0.000479 shoemake 2025-12-30 17:25:59 
AFz407 336.6  19.8 336.6  19.8 7.40E-08 083.7 042.7  80.3 0.029262 0.029910 0.000444 shoemake 2025-12-30 17:27:37 
AFz468 337.7  18.5 337.7  18.5 7.46E-08 083.4 042.7  78.7 0.028555 0.028907 0.000460 shoemake 2025-12-30 17:29:16 
AFz538 338.1  19.5 338.1  19.5 7.24E-08 083.6 047.4  79.2 0.028218 0.028490 0.000514 shoemake 2025-12-30 17:30:54 
AFz619 337.6  22.1 337.6  22.1 7.42E-08 082.9 057.3  81.2 0.027136 0.027606 0.000481 shoemake 2025-12-30 17:32:32 
AFz712 337.2  20.3 337.2  20.3 7.26E-08 083.0 047.5  80.3 0.026859 0.027432 0.000515 shoemake 2025-12-30 17:34:10 
AFz819 335.6  21.6 335.6  21.6 7.31E-08 082.9 046.4  82.3 0.026940 0.027207 0.000481 shoemake 2025-12-30 17:35:48 
AFz942 334.6  20.2 334.6  20.2 7.33E-08 082.6 034.3  81.8 0.026129 0.026656 0.000475 shoemake 2025-12-30 17:37:27 
AFz083 335.0  22.9 335.0  22.9 7.30E-08 082.5 051.0  83.6 0.025837 0.026387 0.000497 shoemake 2025-12-30 17:39:05 
AFz246 335.0  19.7 335.0  19.7 7.28E-08 082.7 034.9  81.2 0.026229 0.026550 0.000491 shoemake 2025-12-30 17:40:44 
AFz433 336.0  19.7 336.0  19.7 7.38E-08 082.5 039.6  80.6 0.026004 0.026562 0.000486 shoemake 2025-12-30 17:42:23 
AFz648 334.5  22.4 334.5  22.4 7.22E-08 082.6 044.7  83.6 0.025929 0.026351 0.000475 shoemake 2025-12-30 17:44:02 
AFz895 338.0  18.9 338.0  18.9 7.42E-08 082.3 045.0  78.8 0.025658 0.026236 0.000454 shoemake 2025-12-30 17:45:40 
AFz179 335.6  20.6 335.6  20.6 7.16E-08 082.7 041.1  81.5 0.025833 0.026142 0.000530 shoemake 2025-12-30 17:47:20 
AFz506 337.1  19.6 337.1  19.6 7.29E-08 082.4 044.0  79.9 0.025534 0.025947 0.000522 shoemake 2025-12-30 17:48:59 
AFz882 334.5  22.5 334.5  22.5 7.12E-08 082.6 044.8  83.6 0.025472 0.025952 0.000506 shoemake 2025-12-30 17:50:38 
AFz314 336.6  22.5 336.6  22.5 7.15E-08 082.4 055.9  82.2 0.025151 0.025585 0.000509 shoemake 2025-12-30 17:52:18 
AFz812 334.8  20.1 334.8  20.1 7.29E-08 082.1 035.1  81.6 0.024791 0.025400 0.000460 shoemake 2025-12-30 17:53:58 
AFmax0 334.0  23.1 334.0  23.1 7.16E-08 082.5 045.7  84.4 0.025325 0.025769 0.000477 shoemake 2025-12-30 17:56:19 
NRM    149.7 -27.3 149.7 -27.3 1.58E-01 002.4 355.2 -89.7 458.0513 472.4187 82.48867 shoemake 2026-01-02 15:57:00 
AF  16 149.9 -26.8 149.9 -26.8 1.59E-01 002.4 230.4 -89.8 493.7104 440.8537 145.0037 shoemake 2026-01-02 15:59:15 
AF  32 149.5 -26.8 149.5 -26.8 1.59E-01 002.4 137.3 -89.8 460.7857 469.4015 112.5459 shoemake 2026-01-02 16:01:33 
AF  50 149.8 -26.6 149.8 -26.6 1.58E-01 002.4 190.5 -89.6 459.4549 474.9380 76.09828 shoemake 2026-01-02 16:03:49 
AF  66 150.4 -26.7 150.4 -26.7 1.58E-01 002.4 240.4 -89.3 459.3623 471.2841 62.74817 shoemake 2026-01-02 16:06:06 
AF  87 150.1 -27.1 150.1 -27.1 1.57E-01 002.4 280.9 -89.6 456.8819 466.9935 105.0185 shoemake 2026-01-02 16:08:23 
AF 115 149.9 -26.8 149.9 -26.8 1.55E-01 002.4 226.0 -89.7 491.3540 425.4931 142.7254 shoemake 2026-01-02 16:10:39 
AF 133 149.5 -26.8 149.5 -26.8 1.53E-01 002.4 139.6 -89.8 444.2388 453.8172 106.0202 shoemake 2026-01-02 16:12:57 
AF 153 149.8 -26.6 149.8 -26.6 1.49E-01 002.4 192.0 -89.6 432.9379 447.1947 73.69218 shoemake 2026-01-02 16:15:14 
AF 176 150.4 -26.7 150.4 -26.7 1.45E-01 002.5 245.5 -89.3 460.3836 418.3166 89.23296 shoemake 2026-01-02 16:17:30 
AF 202 150.0 -27.1 150.0 -27.1 1.39E-01 002.4 296.7 -89.7 405.1303 416.9171 86.02640 shoemake 2026-01-02 16:19:47 
AF 232 149.9 -26.8 149.9 -26.8 1.32E-01 002.4 214.9 -89.7 411.8484 366.7006 116.0590 shoemake 2026-01-02 16:22:04 
AF 267 149.6 -26.8 149.6 -26.8 1.22E-01 002.4 157.3 -89.8 355.4836 363.0698 87.46692 shoemake 2026-01-02 16:24:20 
AF 308 149.8 -26.8 149.8 -26.8 1.09E-01 002.5 210.1 -89.8 342.1083 322.9047 72.21429 shoemake 2026-01-02 16:26:36 
AF 354 150.0 -27.0 150.0 -27.0 9.73E-02 002.4 261.2 -89.7 304.0823 262.8677 60.40177 shoemake 2026-01-02 16:28:53 
AF 407 328.2  30.9 328.2  30.9 7.56E-07 017.2 197.6  85.8 0.016404 0.016521 0.000816 shoemake 2026-01-02 16:31:10 
AF 468 328.2  30.6 328.2  30.6 9.11E-07 017.5 199.3  86.2 0.020047 0.020327 0.000980 shoemake 2026-01-02 16:33:26 
AF 538 328.5  30.9 328.5  30.9 1.06E-06 017.5 195.0  86.0 0.023395 0.023592 0.001034 shoemake 2026-01-02 16:35:44 
AF 619 328.8  30.9 328.8  30.9 1.19E-06 017.9 191.1  86.0 0.026998 0.027091 0.001028 shoemake 2026-01-02 16:38:01 
AF 712 328.9  31.1 328.9  31.1 1.31E-06 018.0 189.6  85.8 0.029708 0.029939 0.001122 shoemake 2026-01-02 16:40:19 
AF 819 329.0  30.8 329.0  30.8 1.41E-06 018.2 189.3  86.1 0.032442 0.032841 0.001169 shoemake 2026-01-02 16:42:39 
AF 940 329.0  30.9 329.0  30.9 1.50E-06 018.6 188.2  86.0 0.035154 0.035538 0.001257 shoemake 2026-01-02 16:45:00 
AFmax0 329.6  30.4 329.6  30.4 1.81E-06 019.0 182.1  86.6 0.043511 0.044030 0.001312 shoemake 2026-01-02 16:47:19 
ARM    329.6  30.4 329.6  30.4 1.82E-06 018.8 181.9  86.6 0.043162 0.044058 0.001362 shoemake 2026-01-02 16:48:57 
ARM  1 329.5  30.3 329.5  30.3 1.90E-06 018.6 183.7  86.7 0.044535 0.045281 0.001523 shoemake 2026-01-02 16:50:38 
ARM  2 329.5  30.5 329.5  30.5 1.98E-06 018.4 183.2  86.5 0.045786 0.046460 0.001614 shoemake 2026-01-02 16:52:19 
ARM  3 329.5  30.2 329.5  30.2 2.04E-06 018.2 182.7  86.8 0.046873 0.047682 0.001761 shoemake 2026-01-02 16:54:00 
ARM  4 329.4  30.3 329.4  30.3 2.09E-06 018.1 184.9  86.7 0.047571 0.048339 0.001832 shoemake 2026-01-02 16:55:42 
ARM  5 329.4  30.4 329.4  30.4 2.13E-06 017.9 184.2  86.6 0.047993 0.048914 0.001905 shoemake 2026-01-02 16:57:22 
ARM  6 329.5  30.3 329.5  30.3 2.18E-06 017.8 182.7  86.6 0.048874 0.049553 0.001940 shoemake 2026-01-02 16:59:03 
ARM  7 329.6  30.3 329.6  30.3 2.21E-06 017.7 181.1  86.6 0.049186 0.049975 0.002023 shoemake 2026-01-02 17:00:44 
ARM  8 329.4  30.2 329.4  30.2 2.24E-06 017.7 184.9  86.8 0.050046 0.050732 0.002075 shoemake 2026-01-02 17:02:25 
ARM  9 329.6  30.2 329.6  30.2 2.28E-06 017.6 182.0  86.8 0.050490 0.051146 0.002096 shoemake 2026-01-02 17:04:06 
ARM 10 329.6  30.2 329.6  30.2 2.31E-06 017.5 181.6  86.8 0.050988 0.051884 0.002189 shoemake 2026-01-02 17:05:47 
AFz 16 329.6  30.1 329.6  30.1 2.30E-06 017.6 181.7  86.9 0.050932 0.051704 0.002185 shoemake 2026-01-02 17:07:25 
AFz 32 329.6  30.1 329.6  30.1 2.29E-06 017.4 181.6  86.9 0.050101 0.051147 0.002161 shoemake 2026-01-02 17:09:04 
AFz 50 329.6  30.1 329.6  30.1 2.27E-06 017.6 181.5  86.9 0.050186 0.051333 0.002131 shoemake 2026-01-02 17:10:42 
AFz 66 329.6  30.1 329.6  30.1 2.26E-06 017.6 181.9  86.9 0.050012 0.050883 0.002095 shoemake 2026-01-02 17:12:20 
AFz 87 329.6  30.1 329.6  30.1 2.24E-06 017.7 182.0  86.9 0.050134 0.050762 0.002092 shoemake 2026-01-02 17:13:59 
AFz115 329.6  30.1 329.6  30.1 2.22E-06 017.8 182.0  86.9 0.049823 0.050515 0.002046 shoemake 2026-01-02 17:15:38 
AFz133 329.6  30.1 329.6  30.1 2.21E-06 017.7 182.1  86.9 0.048962 0.050159 0.002016 shoemake 2026-01-02 17:17:17 
AFz153 329.5  30.0 329.5  30.0 2.19E-06 017.8 182.7  87.0 0.048838 0.049854 0.001971 shoemake 2026-01-02 17:18:55 
AFz176 329.6  30.1 329.6  30.1 2.17E-06 018.0 182.0  86.9 0.049125 0.050013 0.001916 shoemake 2026-01-02 17:20:34 
AFz202 329.6  30.2 329.6  30.2 2.15E-06 018.0 182.3  86.8 0.048606 0.049687 0.001908 shoemake 2026-01-02 17:22:13 
AFz232 329.6  30.1 329.6  30.1 2.13E-06 018.0 180.9  86.9 0.048313 0.049165 0.001838 shoemake 2026-01-02 17:23:52 
AFz267 329.5  30.1 329.5  30.1 2.10E-06 018.1 184.0  86.9 0.047926 0.048985 0.001849 shoemake 2026-01-02 17:25:31 
AFz308 329.5  30.1 329.5  30.1 2.08E-06 018.0 182.5  86.9 0.046933 0.048056 0.001779 shoemake 2026-01-02 17:27:10 
AFz354 329.5  30.3 329.5  30.3 2.05E-06 018.0 182.3  86.7 0.046421 0.047496 0.001785 shoemake 2026-01-02 17:28:49 
AFz407 329.4  30.3 329.4  30.3 2.02E-06 018.3 184.6  86.7 0.046188 0.047522 0.001711 shoemake 2026-01-02 17:30:28 
AFz468 329.5  30.5 329.5  30.5 1.99E-06 018.2 183.0  86.4 0.045600 0.046422 0.001663 shoemake 2026-01-02 17:32:07 
AFz538 329.5  30.4 329.5  30.4 1.96E-06 018.4 182.8  86.6 0.045583 0.045941 0.001558 shoemake 2026-01-02 17:33:46 
AFz619 329.4  30.4 329.4  30.4 1.92E-06 018.4 183.8  86.6 0.044420 0.045354 0.001549 shoemake 2026-01-02 17:35:24 
AFz712 329.5  30.5 329.5  30.5 1.89E-06 018.5 183.1  86.5 0.044004 0.044827 0.001479 shoemake 2026-01-02 17:37:03 
AFz819 329.4  30.4 329.4  30.4 1.85E-06 018.7 183.9  86.6 0.043661 0.044391 0.001455 shoemake 2026-01-02 17:38:42 
AFz942 329.4  30.6 329.4  30.6 1.83E-06 018.7 183.5  86.4 0.043084 0.043908 0.001417 shoemake 2026-01-02 17:40:21 
AFz083 329.5  30.6 329.5  30.6 1.82E-06 018.7 183.1  86.4 0.042719 0.043586 0.001397 shoemake 2026-01-02 17:41:59 
AFz246 329.5  30.6 329.5  30.6 1.81E-06 018.8 182.8  86.4 0.042643 0.043964 0.001412 shoemake 2026-01-02 17:43:38 
AFz433 329.6  30.3 329.6  30.3 1.81E-06 018.6 181.4  86.7 0.042245 0.043508 0.001375 shoemake 2026-01-02 17:45:16 
AFz648 329.6  30.5 329.6  30.5 1.81E-06 018.7 181.7  86.5 0.042610 0.043533 0.001428 shoemake 2026-01-02 17:46:55 
AFz895 329.6  30.7 329.6  30.7 1.81E-06 018.6 181.0  86.3 0.042546 0.043349 0.001387 shoemake 2026-01-02 17:48:34 
AFz179 329.4  30.5 329.4  30.5 1.81E-06 018.8 183.9  86.5 0.043190 0.043745 0.001371 shoemake 2026-01-02 17:50:14 
AFz506 329.7  30.7 329.7  30.7 1.81E-06 018.4 179.4  86.3 0.042310 0.042721 0.001383 shoemake 2026-01-02 17:51:54 
AFz882 329.7  30.5 329.7  30.5 1.81E-06 018.6 179.6  86.5 0.042447 0.043188 0.001359 shoemake 2026-01-02 17:53:34 
AFz314 329.2  30.2 329.2  30.2 1.81E-06 018.5 187.7  86.7 0.042090 0.042828 0.001448 shoemake 2026-01-02 17:55:13 
AFz812 329.4  30.4 329.4  30.4 1.81E-06 018.8 184.4  86.6 0.043195 0.043750 0.001421 shoemake 2026-01-02 17:56:54 
AFmax0 329.6  29.7 329.6  29.7 1.93E-06 022.0 182.5  87.3 0.055769 0.053487 0.001488 shoemake 2026-01-02 17:59:30 
IRMz   329.1  30.6 329.1  30.6 1.94E-06 019.4 188.2  86.4 0.047806 0.048376 0.001583 shoemake 2026-01-05 14:21:06 
NRM    149.8 -27.3 149.8 -27.3 9.70E-02 002.0 345.2 -89.7 234.4889 241.9843 20.45403 shoemake 2026-01-05 14:28:17 
AF  16 149.9 -27.1 149.9 -27.1 9.71E-02 002.0 299.7 -89.8 238.0267 234.1459 65.40743 shoemake 2026-01-05 14:30:34 
AF  32 149.8 -27.0 149.8 -27.0 9.72E-02 002.0 246.0 -89.9 235.3109 240.7235 64.42218 shoemake 2026-01-05 14:32:51 
AF  50 149.9 -26.9 149.9 -26.9 9.71E-02 002.0 242.1 -89.8 234.8102 243.6050 54.12340 shoemake 2026-01-05 14:35:07 
AF  66 150.0 -26.7 150.0 -26.7 9.70E-02 002.0 220.4 -89.6 232.7273 239.8191 51.16427 shoemake 2026-01-05 14:37:22 
AF  87 150.3 -27.0 150.3 -27.0 9.71E-02 002.0 271.3 -89.5 236.9773 239.9598 55.93060 shoemake 2026-01-05 14:39:38 
AF 115 150.0 -27.1 150.0 -27.1 9.72E-02 002.0 283.2 -89.7 236.5559 237.9090 64.88110 shoemake 2026-01-05 14:41:55 
AF 133 149.8 -27.0 149.8 -27.0 9.72E-02 002.0 275.5 -89.9 241.2777 229.7328 65.77281 shoemake 2026-01-05 14:44:12 
AF 153 149.8 -26.9 149.8 -26.9 9.72E-02 002.0 219.5 -89.8 232.5216 238.1967 57.82303 shoemake 2026-01-05 14:46:29 
AF 176 150.0 -26.8 150.0 -26.8 9.73E-02 002.0 229.9 -89.7 244.9756 243.9103 52.51794 shoemake 2026-01-05 14:48:45 
AF 202 150.2 -26.8 150.2 -26.8 9.72E-02 002.0 250.0 -89.5 234.7891 239.6527 55.02962 shoemake 2026-01-05 14:51:01 
AF 232 150.1 -27.0 150.1 -27.0 9.72E-02 002.0 269.1 -89.7 231.2262 239.7205 69.84182 shoemake 2026-01-05 14:53:17 
AF 267 149.9 -27.0 149.9 -27.0 9.69E-02 002.0 280.4 -89.9 242.0330 227.7738 69.47377 shoemake 2026-01-05 14:55:34 
AF 308 149.8 -26.9 149.8 -26.9 9.58E-02 002.0 231.5 -89.8 229.3858 238.7405 68.82651 shoemake 2026-01-05 14:57:50 
AF 354 149.9 -26.8 149.9 -26.8 9.37E-02 002.0 225.7 -89.8 225.8635 233.5798 52.00014 shoemake 2026-01-05 15:00:07 
AF 407 150.0 -26.7 150.0 -26.7 8.57E-02 002.0 224.7 -89.6 205.4553 211.5994 45.04663 shoemake 2026-01-05 15:02:24 
AF 468 150.1 -27.0 150.1 -27.0 7.67E-02 002.0 263.2 -89.6 185.3081 189.0024 47.19329 shoemake 2026-01-05 15:04:40 
AF 538 150.0 -26.9 150.0 -26.9 6.86E-02 002.0 248.6 -89.7 164.3319 168.7607 50.67206 shoemake 2026-01-05 15:06:57 
AF 619 150.0 -27.0 150.0 -27.0 6.10E-02 002.0 265.8 -89.7 150.1911 143.5175 43.35374 shoemake 2026-01-05 15:09:15 
AF 712 149.9 -27.0 149.9 -27.0 5.37E-02 002.0 275.9 -89.8 127.7323 132.4541 33.04838 shoemake 2026-01-05 15:11:33 
AF 819 149.8 -27.0 149.8 -27.0 4.70E-02 002.0 281.5 -89.9 116.4248 116.2641 24.21056 shoemake 2026-01-05 15:13:52 
AF 940 149.8 -26.8 149.8 -26.8 4.11E-02 002.0 208.8 -89.8 98.19791 101.1794 21.43737 shoemake 2026-01-05 15:16:14 
AFmax0 149.7 -27.1 149.7 -27.1 6.59E-03 002.0 351.0 -89.9 15.62413 16.29484 4.932678 shoemake 2026-01-05 15:18:34 
ARM    149.8 -27.2 149.8 -27.2 6.59E-03 002.0 347.1 -89.8 15.64192 16.29192 4.958229 shoemake 2026-01-05 15:20:12 
ARM  1 333.3  21.5 333.3  21.5 1.02E-03 001.6 031.5  83.6 2.165407 2.269407 6.170010 shoemake 2026-01-05 15:21:53 
ARM  2 330.7  26.0 330.7  26.0 8.28E-03 001.9 041.6  88.6 18.76642 19.93519 16.60259 shoemake 2026-01-05 15:23:34 
ARM  3 330.5  26.2 330.5  26.2 1.53E-02 001.9 040.8  89.0 34.88479 36.96508 26.77850 shoemake 2026-01-05 15:25:15 
ARM  4 330.4  26.3 330.4  26.3 2.20E-02 001.9 041.6  89.1 50.34964 53.28048 36.55371 shoemake 2026-01-05 15:26:56 
ARM  5 330.4  26.3 330.4  26.3 2.86E-02 001.9 042.4  89.1 65.75827 69.41555 46.25588 shoemake 2026-01-05 15:28:37 
ARM  6 330.3  26.4 330.3  26.4 3.48E-02 001.9 042.2  89.1 80.03888 84.51043 55.32349 shoemake 2026-01-05 15:30:18 
ARM  7 330.3  26.4 330.3  26.4 4.11E-02 001.9 042.9  89.2 94.78086 100.0272 64.79261 shoemake 2026-01-05 15:31:59 
ARM  8 330.3  26.4 330.3  26.4 4.72E-02 001.9 043.3  89.2 108.9327 114.9499 73.69884 shoemake 2026-01-05 15:33:40 
ARM  9 330.3  26.4 330.3  26.4 5.32E-02 001.9 042.1  89.2 122.7679 129.5878 82.66863 shoemake 2026-01-05 15:35:21 
ARM 10 330.3  26.4 330.3  26.4 5.91E-02 001.9 042.6  89.2 136.3371 143.8773 91.29308 shoemake 2026-01-05 15:37:02 
AFz 16 330.3  26.4 330.3  26.4 5.80E-02 001.9 042.5  89.2 133.6620 141.0220 88.72311 shoemake 2026-01-05 15:38:41 
AFz 32 330.3  26.4 330.3  26.4 5.67E-02 001.9 042.8  89.2 130.7998 138.1460 86.32350 shoemake 2026-01-05 15:40:20 
AFz 50 330.3  26.4 330.3  26.4 5.44E-02 001.9 044.0  89.2 125.8958 132.4038 80.19302 shoemake 2026-01-05 15:41:58 
AFz 66 330.3  26.4 330.3  26.4 5.13E-02 001.9 045.2  89.2 119.3097 125.0316 72.73953 shoemake 2026-01-05 15:43:35 
AFz 87 330.4  26.4 330.4  26.4 4.60E-02 001.9 046.5  89.2 107.7522 112.3764 60.97909 shoemake 2026-01-05 15:45:13 
AFz115 330.4  26.4 330.4  26.4 3.86E-02 001.9 047.1  89.2 90.69961 94.26119 46.87389 shoemake 2026-01-05 15:46:51 
AFz133 330.4  26.4 330.4  26.4 3.41E-02 001.9 045.8  89.1 80.23152 83.11312 39.30899 shoemake 2026-01-05 15:48:30 
AFz153 330.4  26.4 330.4  26.4 2.98E-02 001.9 044.8  89.1 70.05723 72.53817 32.71062 shoemake 2026-01-05 15:50:09 
AFz176 330.4  26.3 330.4  26.3 2.54E-02 001.9 043.3  89.0 59.72003 61.81938 26.62943 shoemake 2026-01-05 15:51:48 
AFz202 330.5  26.2 330.5  26.2 2.13E-02 001.9 041.2  89.0 50.05107 51.81716 21.44355 shoemake 2026-01-05 15:53:26 
AFz232 330.5  26.1 330.5  26.1 1.74E-02 001.9 039.3  88.9 40.75197 42.22773 16.83543 shoemake 2026-01-05 15:55:04 
AFz267 330.6  26.0 330.6  26.0 1.37E-02 001.9 038.1  88.7 32.00671 33.18927 12.83403 shoemake 2026-01-05 15:56:41 
AFz308 330.6  25.8 330.6  25.8 1.04E-02 001.9 035.7  88.6 24.36776 25.27857 9.607181 shoemake 2026-01-05 15:58:19 
AFz354 330.8  25.6 330.8  25.6 7.65E-03 001.9 036.2  88.3 17.80254 18.46770 6.941872 shoemake 2026-01-05 15:59:56 
AFz407 331.0  25.1 331.0  25.1 5.31E-03 001.9 031.9  87.8 12.27781 12.73896 4.826540 shoemake 2026-01-05 16:01:34 
AFz468 331.6  24.3 331.6  24.3 3.13E-03 001.9 032.6  86.8 7.133863 7.402507 2.934011 shoemake 2026-01-05 16:03:12 
AFz538 333.0  20.5 333.0  20.5 1.20E-03 001.7 025.4  82.8 2.609139 2.718439 1.300242 shoemake 2026-01-05 16:04:49 
AFz619 143.2 -36.7 143.2 -36.7 6.53E-04 002.2 027.8 -78.9 1.710440 1.830291 0.317852 shoemake 2026-01-05 16:06:27 
AFz712 148.7 -29.4 148.7 -29.4 2.41E-03 002.0 020.1 -87.5 5.858709 6.088100 1.711409 shoemake 2026-01-05 16:08:04 
AFz819 149.2 -28.1 149.2 -28.1 4.00E-03 002.0 020.9 -88.8 9.613948 9.997440 2.999900 shoemake 2026-01-05 16:09:41 
AFz942 149.6 -27.6 149.6 -27.6 5.54E-03 002.0 006.5 -89.4 13.21174 13.71531 4.166257 shoemake 2026-01-05 16:11:19 
AFz083 149.7 -27.3 149.7 -27.3 6.38E-03 002.0 000.5 -89.7 15.22606 15.79150 4.828384 shoemake 2026-01-05 16:12:58 
AFz246 149.7 -27.4 149.7 -27.4 6.44E-03 002.0 356.3 -89.6 15.35163 15.92858 4.866426 shoemake 2026-01-05 16:14:36 
AFz433 149.7 -27.3 149.7 -27.3 6.48E-03 002.0 002.8 -89.7 15.43360 16.02233 4.918779 shoemake 2026-01-05 16:16:14 
AFz648 149.8 -27.3 149.8 -27.3 6.50E-03 002.0 339.2 -89.7 15.48257 16.06285 4.917853 shoemake 2026-01-05 16:17:52 
AFz895 149.7 -27.3 149.7 -27.3 6.49E-03 002.0 359.3 -89.7 15.47701 16.06391 4.915201 shoemake 2026-01-05 16:19:31 
AFz179 149.7 -27.2 149.7 -27.2 6.49E-03 002.0 356.6 -89.8 15.49208 16.06746 5.132681 shoemake 2026-01-05 16:21:09 
AFz506 149.8 -27.2 149.8 -27.2 6.47E-03 002.0 346.7 -89.8 15.44397 16.02408 4.882396 shoemake 2026-01-05 16:22:48 
AFz882 149.7 -27.2 149.7 -27.2 6.48E-03 002.0 010.3 -89.8 15.44202 16.02826 4.613175 shoemake 2026-01-05 16:24:26 
AFz314 149.6 -27.3 149.6 -27.3 6.45E-03 002.0 011.9 -89.7 15.38375 15.96489 4.823076 shoemake 2026-01-05 16:26:05 
AFz812 149.6 -27.3 149.6 -27.3 6.42E-03 002.0 013.5 -89.7 15.30691 15.89600 4.849407 shoemake 2026-01-05 16:27:45 
AFmax0 149.8 -26.9 149.8 -26.9 6.12E-03 002.0 216.1 -89.9 15.16450 14.68086 5.000210 shoemake 2026-01-05 16:30:06 
IRMz   149.7 -27.0 149.7 -27.0 6.13E-03 002.0 269.7 -90.0 14.66713 15.13934 5.136068 shoemake 2026-01-05 16:31:53 
AFmax0 150.1 -27.2 150.1 -27.2 5.91E-03 002.0 304.2 -89.6 14.26959 14.64988 4.599215 shoemake 2026-01-05 16:34:13 
IRMz00 149.7 -26.8 149.7 -26.8 3.23E-01 002.6 182.2 -89.8 1041.492 1043.376 702.5493 shoemake 2026-01-05 16:36:07 
AFz 16 149.7 -26.8 149.7 -26.8 3.19E-01 002.6 179.0 -89.8 1009.292 1004.899 770.4170 shoemake 2026-01-05 16:37:45 
AFz 32 149.7 -26.8 149.7 -26.8 3.16E-01 002.4 174.1 -89.8 955.0629 953.1670 937.4915 shoemake 2026-01-05 16:39:24 
AFz 50 149.6 -26.8 149.6 -26.8 3.12E-01 002.3 167.7 -89.7 883.3850 884.9550 1187.718 shoemake 2026-01-05 16:41:03 
AFz 66 149.6 -26.7 149.6 -26.7 3.07E-01 002.2 163.3 -89.7 817.6791 819.9255 1066.705 shoemake 2026-01-05 16:42:42 
AFz 87 149.6 -26.7 149.6 -26.7 2.91E-01 002.0 158.9 -89.7 721.0530 725.6807 241.9742 shoemake 2026-01-05 16:44:20 
AFz115 149.5 -26.7 149.5 -26.7 2.46E-01 002.0 154.6 -89.7 598.9426 606.1642 153.4922 shoemake 2026-01-05 16:45:57 
AFz133 149.5 -26.7 149.5 -26.7 2.17E-01 002.0 153.6 -89.6 529.2461 537.5827 129.2579 shoemake 2026-01-05 16:47:36 
AFz153 149.5 -26.7 149.5 -26.7 1.90E-01 002.0 153.3 -89.6 462.0310 469.1738 111.4914 shoemake 2026-01-05 16:49:15 
AFz176 149.5 -26.6 149.5 -26.6 1.64E-01 002.0 153.2 -89.6 397.6826 404.3588 98.21022 shoemake 2026-01-05 16:50:54 
AFz202 149.5 -26.6 149.5 -26.6 1.39E-01 002.0 153.3 -89.6 336.5378 342.9764 85.37766 shoemake 2026-01-05 16:52:32 
AFz232 149.5 -26.6 149.5 -26.6 1.16E-01 002.0 152.8 -89.6 280.3858 286.0907 73.85677 shoemake 2026-01-05 16:54:11 
AFz267 149.5 -26.6 149.5 -26.6 9.46E-02 002.0 152.8 -89.6 228.1065 233.0374 61.76911 shoemake 2026-01-05 16:55:50 
AFz308 149.5 -26.6 149.5 -26.6 7.64E-02 002.0 152.6 -89.6 183.9980 188.0370 51.11480 shoemake 2026-01-05 16:57:28 
AFz354 149.5 -26.6 149.5 -26.6 6.14E-02 002.0 151.3 -89.6 147.7061 151.1180 41.76053 shoemake 2026-01-05 16:59:07 
AFz407 149.5 -26.7 149.5 -26.7 4.92E-02 002.0 151.5 -89.6 118.5118 121.3111 33.89387 shoemake 2026-01-05 17:00:46 
AFz468 149.5 -26.7 149.5 -26.7 3.83E-02 002.0 153.6 -89.6 92.32457 94.51435 26.79472 shoemake 2026-01-05 17:02:24 
AFz538 149.5 -26.7 149.5 -26.7 2.93E-02 002.0 152.9 -89.7 70.63529 72.33641 20.77653 shoemake 2026-01-05 17:04:03 
AFz619 149.6 -26.8 149.6 -26.8 2.14E-02 002.0 158.9 -89.7 51.64552 52.87832 15.40847 shoemake 2026-01-05 17:05:41 
AFz712 149.7 -26.8 149.7 -26.8 1.49E-02 002.0 166.7 -89.8 35.76453 36.60534 10.84068 shoemake 2026-01-05 17:07:19 
AFz819 149.8 -26.9 149.8 -26.9 9.93E-03 002.0 231.6 -89.9 23.95587 24.49249 7.373912 shoemake 2026-01-05 17:08:58 
AFz942 149.9 -27.1 149.9 -27.1 6.78E-03 002.0 291.6 -89.8 16.38681 16.75589 5.234002 shoemake 2026-01-05 17:10:36 
AFz083 150.0 -27.2 150.0 -27.2 6.27E-03 002.0 301.2 -89.7 15.15952 15.49925 4.979031 shoemake 2026-01-05 17:12:15 
AFz246 150.0 -27.2 150.0 -27.2 6.16E-03 002.0 313.1 -89.7 14.90705 15.23309 4.933994 shoemake 2026-01-05 17:13:53 
AFz433 150.1 -27.2 150.1 -27.2 6.09E-03 002.0 303.3 -89.6 14.72798 15.07787 4.906299 shoemake 2026-01-05 17:15:33 
AFz648 150.0 -27.3 150.0 -27.3 6.03E-03 002.0 322.4 -89.6 14.59524 14.94195 4.881702 shoemake 2026-01-05 17:17:11 
AFz895 150.0 -27.1 150.0 -27.1 6.01E-03 002.0 286.7 -89.8 14.54310 14.87347 4.835917 shoemake 2026-01-05 17:18:50 
AFz179 150.0 -27.1 150.0 -27.1 5.98E-03 002.0 290.2 -89.7 14.46240 14.77995 4.831669 shoemake 2026-01-05 17:20:29 
AFz506 150.0 -27.2 150.0 -27.2 5.97E-03 002.0 299.5 -89.7 14.43075 14.76212 4.816071 shoemake 2026-01-05 17:22:08 
AFz882 149.9 -27.3 149.9 -27.3 5.96E-03 002.0 324.4 -89.7 14.43201 14.77285 4.842920 shoemake 2026-01-05 17:23:47 
AFz314 150.1 -27.2 150.1 -27.2 5.94E-03 002.0 305.7 -89.6 14.36640 14.72014 4.851580 shoemake 2026-01-05 17:25:27 
AFz812 150.0 -27.1 150.0 -27.1 5.92E-03 002.0 299.4 -89.7 14.33439 14.65202 4.853762 shoemake 2026-01-05 17:27:06 
AFmax0 150.1 -27.6 150.1 -27.6 5.81E-03 002.0 328.3 -89.3 14.06571 14.48318 3.070176 shoemake 2026-01-05 17:29:26 
IRMz   150.1 -27.6 150.1 -27.6 5.81E-03 002.0 328.5 -89.3 14.07751 14.50665 3.118135 shoemake 2026-01-05 17:31:14 
AFmax0 149.7 -27.1 149.7 -27.1 5.70E-03 002.0 000.8 -89.9 13.81487 14.22293 2.643730 shoemake 2026-01-05 17:33:35 
IRMz57 149.7 -26.9 149.7 -26.9 1.21E-02 002.0 205.3 -89.9 28.94837 29.74233 8.493819 shoemake 2026-01-05 17:35:35 
IRMz76 149.7 -26.9 149.7 -26.9 1.99E-02 002.0 186.9 -89.9 47.56186 48.80311 19.99469 shoemake 2026-01-05 17:37:37 
IRMz00 149.6 -26.8 149.6 -26.8 3.00E-02 002.0 149.5 -89.8 72.11383 73.87329 35.02058 shoemake 2026-01-05 17:39:24 
IRMz33 149.6 -26.7 149.6 -26.7 6.58E-02 002.0 167.8 -89.7 158.1679 163.5125 81.72845 shoemake 2026-01-05 17:41:11 
IRMz53 149.7 -26.7 149.7 -26.7 8.77E-02 002.0 178.1 -89.7 211.9249 218.9027 104.7320 shoemake 2026-01-05 17:42:59 
IRMz76 149.7 -26.6 149.7 -26.6 1.15E-01 002.0 186.1 -89.6 277.9999 287.8892 129.1626 shoemake 2026-01-05 17:44:48 
IRMz02 149.8 -26.6 149.8 -26.6 1.44E-01 002.0 192.2 -89.6 349.6058 361.7747 151.3858 shoemake 2026-01-05 17:46:37 
IRMz32 149.8 -26.6 149.8 -26.6 1.76E-01 002.0 197.2 -89.6 424.6441 442.6648 174.8066 shoemake 2026-01-05 17:48:26 
IRMz67 149.9 -26.6 149.9 -26.6 2.12E-01 002.0 201.8 -89.5 511.8317 532.4331 194.4718 shoemake 2026-01-05 17:50:14 
IRMz08 149.9 -26.5 149.9 -26.5 2.47E-01 002.0 205.2 -89.5 597.3416 621.4065 215.0009 shoemake 2026-01-05 17:52:02 
IRMz54 150.0 -26.5 150.0 -26.5 2.79E-01 002.0 208.0 -89.5 676.2222 703.1320 266.3290 shoemake 2026-01-05 17:53:53 
IRMz07 150.0 -26.5 150.0 -26.5 2.97E-01 002.1 210.1 -89.4 749.8211 781.1152 658.6817 shoemake 2026-01-05 17:55:44 
IRMz68 150.1 -26.5 150.1 -26.5 2.99E-01 002.2 212.4 -89.4 814.4741 847.1192 950.0030 shoemake 2026-01-05 17:57:34 
IRMz38 150.1 -26.4 150.1 -26.4 3.00E-01 002.4 214.1 -89.3 873.6554 909.3444 890.3353 shoemake 2026-01-05 17:59:26 
IRMz19 150.2 -26.4 150.2 -26.4 3.02E-01 002.5 215.2 -89.2 920.3764 958.4780 740.9398 shoemake 2026-01-05 18:01:18 
IRMz12 150.2 -26.4 150.2 -26.4 3.07E-01 002.6 215.8 -89.2 963.6113 1004.573 707.5250 shoemake 2026-01-05 18:03:10 
IRMz19 150.2 -26.3 150.2 -26.3 3.10E-01 002.7 216.9 -89.2 999.7959 1036.648 692.5762 shoemake 2026-01-05 18:05:04 
IRMz42 150.3 -26.3 150.3 -26.3 3.14E-01 002.7 216.9 -89.2 1031.266 1073.296 699.1542 shoemake 2026-01-05 18:06:58 
IRMz83 150.3 -26.3 150.3 -26.3 3.18E-01 002.7 217.5 -89.1 1057.306 1098.630 671.6239 shoemake 2026-01-05 18:08:51 
IRMz46 150.3 -26.3 150.3 -26.3 3.21E-01 002.8 217.6 -89.1 1083.336 1126.232 710.6448 shoemake 2026-01-05 18:10:44 
IRMz33 150.3 -26.3 150.3 -26.3 3.24E-01 002.8 218.1 -89.1 1099.427 1144.655 694.1156 shoemake 2026-01-05 18:12:37 
IRMz48 150.3 -26.3 150.3 -26.3 3.26E-01 002.8 218.4 -89.1 1119.107 1161.822 660.2835 shoemake 2026-01-05 18:14:29 
IRMz95 150.3 -26.3 150.3 -26.3 3.29E-01 002.8 218.2 -89.1 1134.188 1177.766 621.2237 shoemake 2026-01-05 18:16:20 
IRMz79 150.3 -26.3 150.3 -26.3 3.31E-01 002.9 218.3 -89.1 1149.660 1193.328 660.3760 shoemake 2026-01-05 18:18:12 
IRMz06 150.3 -26.3 150.3 -26.3 3.33E-01 002.9 218.5 -89.1 1163.232 1205.587 675.6900 shoemake 2026-01-05 18:20:04 
IRMz82 150.3 -26.3 150.3 -26.3 3.34E-01 002.9 218.1 -89.1 1170.837 1218.849 646.9544 shoemake 2026-01-05 18:21:57 
IRMz14 150.3 -26.3 150.3 -26.3 3.36E-01 002.9 218.1 -89.1 1186.872 1233.354 626.4202 shoemake 2026-01-05 18:23:50 
IRMz12 150.3 -26.3 150.3 -26.3 3.36E-01 002.9 218.3 -89.1 1195.851 1242.388 627.6715 shoemake 2026-01-05 18:25:42 
IRMz83 150.3 -26.3 150.3 -26.3 3.38E-01 002.9 218.0 -89.1 1202.497 1247.926 655.5841 shoemake 2026-01-05 18:27:37 
IRMz41 150.3 -26.3 150.3 -26.3 3.38E-01 002.9 218.0 -89.1 1206.827 1250.387 629.6179 shoemake 2026-01-05 18:29:33 
IRMz97 150.3 -26.3 150.3 -26.3 3.39E-01 002.9 218.2 -89.1 1208.427 1251.934 640.4690 shoemake 2026-01-05 18:31:32 
IRMz67 150.3 -26.3 150.3 -26.3 3.38E-01 002.9 218.3 -89.1 1206.804 1254.318 633.9898 shoemake 2026-01-05 18:35:09 
IRMz67 150.3 -26.3 150.3 -26.3 3.39E-01 002.9 218.3 -89.1 1207.625 1253.020 653.2013 shoemake 2026-01-05 18:38:46 
IRMz17 150.3 -26.3 150.3 -26.3 3.39E-01 002.9 218.2 -89.1 1206.497 1250.586 636.1023 shoemake 2026-01-05 18:42:24 
IRMz00 150.3 -26.3 150.3 -26.3 3.39E-01 002.9 218.6 -89.1 1207.298 1252.921 651.4708 shoemake 2026-01-05 18:46:01 
AFz 16 150.3 -26.3 150.3 -26.3 3.33E-01 002.9 219.5 -89.1 1172.602 1214.647 637.4118 shoemake 2026-01-05 18:47:39 
AFz 32 150.3 -26.3 150.3 -26.3 3.26E-01 002.8 220.3 -89.1 1119.657 1161.523 697.3914 shoemake 2026-01-05 18:49:16 
AFz 50 150.3 -26.4 150.3 -26.4 3.17E-01 002.7 221.7 -89.1 1046.994 1084.761 642.0633 shoemake 2026-01-05 18:50:54 
AFz 66 150.3 -26.4 150.3 -26.4 3.09E-01 002.6 222.9 -89.2 978.4374 1016.019 661.4441 shoemake 2026-01-05 18:52:32 
AFz 87 150.3 -26.4 150.3 -26.4 3.04E-01 002.4 224.5 -89.2 880.4332 915.6333 980.7283 shoemake 2026-01-05 18:54:09 
AFz115 150.3 -26.5 150.3 -26.5 3.00E-01 002.1 226.5 -89.3 759.4046 788.7815 612.3249 shoemake 2026-01-05 18:55:47 
AFz133 150.3 -26.5 150.3 -26.5 2.82E-01 002.0 228.1 -89.3 690.4355 715.6156 194.8927 shoemake 2026-01-05 18:57:24 
AFz153 150.3 -26.5 150.3 -26.5 2.55E-01 002.0 229.1 -89.3 622.7454 645.4031 154.3393 shoemake 2026-01-05 18:59:02 
AFz176 150.3 -26.5 150.3 -26.5 2.29E-01 002.0 230.3 -89.3 556.8518 576.9804 137.0539 shoemake 2026-01-05 19:00:39 
AFz202 150.3 -26.6 150.3 -26.6 2.03E-01 002.0 231.4 -89.3 495.7551 513.3715 118.8190 shoemake 2026-01-05 19:02:17 
AFz232 150.3 -26.6 150.3 -26.6 1.80E-01 002.0 231.9 -89.3 438.6072 452.7900 102.3925 shoemake 2026-01-05 19:03:55 
AFz267 150.3 -26.6 150.3 -26.6 1.57E-01 002.0 232.4 -89.3 383.7444 395.9489 89.43079 shoemake 2026-01-05 19:05:32 
AFz308 150.3 -26.6 150.3 -26.6 1.38E-01 002.0 232.7 -89.3 337.3589 347.9048 77.08923 shoemake 2026-01-05 19:07:10 
AFz354 150.3 -26.6 150.3 -26.6 1.22E-01 002.0 232.3 -89.4 298.5970 307.6555 67.69114 shoemake 2026-01-05 19:08:48 
AFz407 150.2 -26.6 150.2 -26.6 1.09E-01 002.0 232.9 -89.4 266.5647 274.6712 59.72216 shoemake 2026-01-05 19:10:26 
AFz468 150.2 -26.7 150.2 -26.7 9.70E-02 002.0 233.7 -89.4 237.2141 244.1949 52.54479 shoemake 2026-01-05 19:12:03 
AFz538 150.2 -26.7 150.2 -26.7 8.67E-02 002.0 233.9 -89.5 211.8697 218.1020 46.35433 shoemake 2026-01-05 19:13:41 
AFz619 150.1 -26.7 150.1 -26.7 7.71E-02 002.0 234.6 -89.5 188.6457 194.2133 40.84793 shoemake 2026-01-05 19:15:18 
AFz712 150.1 -26.8 150.1 -26.8 6.83E-02 002.0 235.6 -89.6 166.9323 171.9447 35.72130 shoemake 2026-01-05 19:16:57 
AFz819 150.0 -26.8 150.0 -26.8 6.05E-02 002.0 236.8 -89.6 148.0662 152.3691 31.23667 shoemake 2026-01-05 19:18:35 
AFz942 150.0 -26.8 150.0 -26.8 5.32E-02 002.0 238.6 -89.7 130.0492 133.7675 27.10002 shoemake 2026-01-05 19:20:12 
AFz083 150.0 -26.9 150.0 -26.9 4.65E-02 002.0 241.5 -89.7 113.6667 116.9292 23.30504 shoemake 2026-01-05 19:21:51 
AFz246 149.9 -26.9 149.9 -26.9 4.03E-02 002.0 244.6 -89.8 98.62992 101.4308 19.97378 shoemake 2026-01-05 19:23:29 
AFz433 149.9 -27.0 149.9 -27.0 3.45E-02 002.0 255.1 -89.8 84.29596 86.62769 16.80609 shoemake 2026-01-05 19:25:07 
AFz648 149.9 -27.0 149.9 -27.0 2.93E-02 002.0 265.5 -89.8 71.66408 73.66891 14.01553 shoemake 2026-01-05 19:26:45 
AFz895 149.8 -27.0 149.8 -27.0 2.45E-02 002.0 286.3 -89.9 60.06786 61.69313 11.59347 shoemake 2026-01-05 19:28:22 
AFz179 149.8 -27.1 149.8 -27.1 2.02E-02 002.0 302.3 -89.9 49.53216 50.86736 9.391485 shoemake 2026-01-05 19:30:00 
AFz506 149.9 -27.0 149.9 -27.0 1.63E-02 002.0 289.4 -89.8 40.02997 41.07013 7.365792 shoemake 2026-01-05 19:31:37 
AFz882 149.9 -27.1 149.9 -27.1 1.28E-02 002.0 305.0 -89.7 31.47952 32.29502 5.670590 shoemake 2026-01-05 19:33:15 
AFz314 150.0 -27.2 150.0 -27.2 9.74E-03 002.0 315.6 -89.7 23.95836 24.56261 4.353955 shoemake 2026-01-05 19:34:54 
AFz812 150.3 -27.2 150.3 -27.2 7.11E-03 002.0 289.0 -89.4 17.51473 17.95461 3.133876 shoemake 2026-01-05 19:36:33 
AFmax0 150.5 -28.3 150.5 -28.3 5.84E-03 002.0 331.7 -88.5 14.25758 14.64852 3.527551 shoemake 2026-01-05 19:38:53 
